JDHEL V-C s1 V-K1 s2 C-K1 s3 HELCOR AIRMASS
Aperture: 3, Filter: IRCUT, JD: heliocentric
2461157.3832237 0.96395 0.06966 0.68078 0.07349 -0.28317 0.04422 0.0007734 1.5158
2461157.3833562 1.11572 0.08246 0.78534 0.08627 -0.33038 0.04623 0.0007734 1.5150
2461157.3834883 1.01401 0.06930 0.76758 0.07213 -0.24643 0.04140 0.0007734 1.5143
2461157.3836210 99.99999 9.99999 99.99999 9.99999 99.99999 9.99999 0.0007734 1.5135
2461157.3837536 99.99999 9.99999 99.99999 9.99999 99.99999 9.99999 0.0007734 1.5127
2461157.3839897 99.99999 9.99999 99.99999 9.99999 -0.64177 0.04675 0.0007734 1.5114
2461157.3841219 99.99999 9.99999 99.99999 9.99999 99.99999 9.99999 0.0007734 1.5106
2461157.3842567 0.82151 0.07699 99.99999 9.99999 99.99999 9.99999 0.0007734 1.5098
2461157.3845228 1.04143 0.07856 99.99999 9.99999 99.99999 9.99999 0.0007734 1.5083
2461157.3847348 99.99999 9.99999 -1.07095 0.22511 99.99999 9.99999 0.0007734 1.5071
2461157.3850020 0.65862 0.06459 0.43717 0.06746 -0.22144 0.04792 0.0007734 1.5055
2461157.3851364 99.99999 9.99999 0.66676 0.06898 99.99999 9.99999 0.0007734 1.5047
2461157.3852704 1.14732 0.07051 0.91795 0.07266 -0.22937 0.03704 0.0007734 1.5040
2461157.3855014 99.99999 9.99999 99.99999 9.99999 -0.33785 0.05058 0.0007734 1.5027
2461157.3856337 1.00779 0.07047 0.64891 0.07483 -0.35888 0.04485 0.0007734 1.5019
2461157.3857676 1.15130 0.06639 0.48716 0.07397 -0.66414 0.04403 0.0007734 1.5011
2461157.3859016 0.82475 0.06405 0.55869 0.06709 -0.26606 0.04300 0.0007734 1.5004
2461157.3860349 0.93914 0.06485 0.79370 0.06677 -0.14544 0.03938 0.0007734 1.4996
2461157.3862644 1.18592 0.07836 0.91729 0.08161 -0.26863 0.04140 0.0007734 1.4983
2461157.3863970 1.05503 0.06392 0.52723 0.07095 -0.52780 0.04456 0.0007734 1.4975
2461157.3865310 0.79326 0.05285 0.37731 0.05857 -0.41594 0.04180 0.0007734 1.4968
2461157.3866647 0.77339 0.06410 0.57539 0.06658 -0.19799 0.04370 0.0007735 1.4960
2461157.3867977 0.91564 0.07304 0.86003 0.07337 -0.05561 0.04100 0.0007735 1.4953
2461157.3870315 0.91457 0.07127 0.73711 0.07347 -0.17746 0.04335 0.0007735 1.4940
2461157.3871641 1.35657 0.08035 0.88148 0.08445 -0.47509 0.04135 0.0007735 1.4932
2461157.3872987 1.14531 0.06446 0.69015 0.06861 -0.45516 0.03773 0.0007735 1.4924
2461157.3874322 0.99349 0.05959 0.59504 0.06443 -0.39845 0.03942 0.0007735 1.4917
2461157.3875657 99.99999 9.99999 0.54747 0.06207 99.99999 9.99999 0.0007735 1.4909
2461157.3878007 1.06786 0.08322 99.99999 9.99999 99.99999 9.99999 0.0007735 1.4896
2461157.3880668 99.99999 9.99999 0.74341 0.07712 99.99999 9.99999 0.0007735 1.4881
2461157.3881989 99.99999 9.99999 99.99999 9.99999 99.99999 9.99999 0.0007735 1.4874
2461157.3883332 99.99999 9.99999 99.99999 9.99999 -2.55118 0.28985 0.0007735 1.4866
2461157.3884664 0.92332 0.06596 0.60238 0.06954 -0.32094 0.04376 0.0007735 1.4859
2461157.3887042 0.75492 0.06973 99.99999 9.99999 99.99999 9.99999 0.0007735 1.4846
2461157.3888362 1.09189 0.07866 99.99999 9.99999 99.99999 9.99999 0.0007735 1.4838
2461157.3889707 99.99999 9.99999 1.02124 0.09680 99.99999 9.99999 0.0007735 1.4831
2461157.3891051 99.99999 9.99999 99.99999 9.99999 99.99999 9.99999 0.0007735 1.4824
2461157.3892392 0.86085 0.06904 0.65185 0.07221 -0.20901 0.04650 0.0007735 1.4816
2461157.3896034 99.99999 9.99999 99.99999 9.99999 99.99999 9.99999 0.0007735 1.4796
2461157.3897376 0.88350 0.06560 99.99999 9.99999 99.99999 9.99999 0.0007735 1.4789
2461157.3898717 99.99999 9.99999 0.51934 0.07320 99.99999 9.99999 0.0007735 1.4781
2461157.3900054 99.99999 9.99999 99.99999 9.99999 99.99999 9.99999 0.0007735 1.4774
2461157.3902393 1.11372 0.07402 0.63314 0.07994 -0.48057 0.04511 0.0007735 1.4761
2461157.3903716 99.99999 9.99999 0.69057 0.06968 99.99999 9.99999 0.0007735 1.4754
2461157.3905057 1.21198 0.08633 0.95862 0.08799 -0.25335 0.04161 0.0007736 1.4746
2461157.3906392 0.88074 0.06409 0.76081 0.06529 -0.11993 0.03991 0.0007736 1.4739
2461157.3907722 99.99999 9.99999 99.99999 9.99999 99.99999 9.99999 0.0007736 1.4732
2461157.3910077 1.19040 0.06914 0.76669 0.07275 -0.42371 0.03856 0.0007736 1.4719
2461157.3911402 99.99999 9.99999 99.99999 9.99999 99.99999 9.99999 0.0007736 1.4712
2461157.3912748 0.83352 0.05959 0.55108 0.06362 -0.28244 0.04134 0.0007736 1.4704
2461157.3914088 99.99999 9.99999 0.56578 0.07744 99.99999 9.99999 0.0007736 1.4697
2461157.3915420 1.01156 0.07717 99.99999 9.99999 99.99999 9.99999 0.0007736 1.4690
2461157.3917770 99.99999 9.99999 0.74173 0.08899 99.99999 9.99999 0.0007736 1.4677
2461157.3919095 99.99999 9.99999 0.96044 0.10144 99.99999 9.99999 0.0007736 1.4670
2461157.3920427 1.28243 0.09428 0.83465 0.09926 -0.44778 0.04934 0.0007736 1.4663
2461157.3921762 99.99999 9.99999 99.99999 9.99999 99.99999 9.99999 0.0007736 1.4656
2461157.3923100 99.99999 9.99999 99.99999 9.99999 99.99999 9.99999 0.0007736 1.4648
2461157.3925551 1.33974 0.08432 0.96907 0.08772 -0.37067 0.04246 0.0007736 1.4635
2461157.3926872 1.42452 0.07836 0.94887 0.08186 -0.47564 0.03767 0.0007736 1.4628
2461157.3928213 1.29800 0.08249 0.84411 0.08632 -0.45388 0.04251 0.0007736 1.4621
2461157.3929557 1.19283 0.07172 0.91258 0.07382 -0.28025 0.03726 0.0007736 1.4614
2461157.3930903 1.27294 0.07858 0.89676 0.08206 -0.37618 0.04120 0.0007736 1.4606
2461157.3933324 99.99999 9.99999 0.57098 0.07391 99.99999 9.99999 0.0007736 1.4593
2461157.3934650 1.30705 0.08115 0.84257 0.08591 -0.46448 0.04238 0.0007736 1.4586
2461157.3935992 1.23024 0.07168 0.84349 0.07535 -0.38675 0.03858 0.0007736 1.4579
2461157.3937333 1.21986 0.07446 99.99999 9.99999 99.99999 9.99999 0.0007736 1.4572
2461157.3938664 0.99914 0.06460 0.75926 0.06761 -0.23989 0.03869 0.0007736 1.4565
2461157.3942318 1.07913 0.06500 0.73349 0.06841 -0.34563 0.03802 0.0007736 1.4546
2461157.3945003 1.31308 0.08018 0.84768 0.08425 -0.46540 0.04168 0.0007737 1.4531
2461157.3946345 1.15208 0.07902 0.91958 0.08107 -0.23250 0.03987 0.0007737 1.4524
2461157.3948757 99.99999 9.99999 99.99999 9.99999 -0.44396 0.04709 0.0007737 1.4512
2461157.3950079 1.01517 0.07374 0.73252 0.07666 -0.28265 0.04348 0.0007737 1.4505
2461157.3952758 99.99999 9.99999 99.99999 9.99999 99.99999 9.99999 0.0007737 1.4491
2461157.3954093 1.13771 0.08032 99.99999 9.99999 99.99999 9.99999 0.0007737 1.4484
2461157.3956391 99.99999 9.99999 0.81023 0.09473 99.99999 9.99999 0.0007737 1.4472
2461157.3957713 1.16556 0.08003 0.75833 0.08479 -0.40723 0.04691 0.0007737 1.4465
2461157.3959046 1.41414 0.09471 99.99999 9.99999 99.99999 9.99999 0.0007737 1.4458
2461157.3960377 99.99999 9.99999 99.99999 9.99999 99.99999 9.99999 0.0007737 1.4451
2461157.3961704 99.99999 9.99999 99.99999 9.99999 99.99999 9.99999 0.0007737 1.4444
2461157.3964101 1.26204 0.08811 99.99999 9.99999 99.99999 9.99999 0.0007737 1.4431
2461157.3965423 1.36003 0.09157 0.90893 0.09613 -0.45110 0.04578 0.0007737 1.4424
2461157.3966765 99.99999 9.99999 99.99999 9.99999 99.99999 9.99999 0.0007737 1.4417
2461157.3968103 1.27789 0.09437 99.99999 9.99999 99.99999 9.99999 0.0007737 1.4411
2461157.3969436 99.99999 9.99999 99.99999 9.99999 -0.37607 0.04855 0.0007737 1.4404
2461157.3971777 99.99999 9.99999 0.62023 0.09231 99.99999 9.99999 0.0007737 1.4392
2461157.3973102 99.99999 9.99999 0.81256 0.07634 99.99999 9.99999 0.0007737 1.4385
2461157.3974434 99.99999 9.99999 99.99999 9.99999 -0.25672 0.04719 0.0007737 1.4378
2461157.3975771 99.99999 9.99999 99.99999 9.99999 -0.24669 0.04027 0.0007737 1.4371
2461157.3977100 99.99999 9.99999 0.73265 0.08126 99.99999 9.99999 0.0007737 1.4364
2461157.3979355 1.08233 0.06901 0.74389 0.07238 -0.33845 0.03901 0.0007737 1.4353
2461157.3980683 99.99999 9.99999 99.99999 9.99999 -0.34235 0.04125 0.0007737 1.4346
2461157.3982020 1.32313 0.07724 0.71157 0.08298 -0.61156 0.04255 0.0007737 1.4339
2461157.3983354 99.99999 9.99999 0.61850 0.07556 99.99999 9.99999 0.0007738 1.4332
2461157.3984683 1.11931 0.07776 0.77847 0.08235 -0.34084 0.04683 0.0007738 1.4325
2461157.3987067 99.99999 9.99999 99.99999 9.99999 -0.50186 0.04220 0.0007738 1.4313
2461157.3988389 1.17209 0.08113 0.87843 0.08421 -0.29366 0.04278 0.0007738 1.4306
2461157.3989732 99.99999 9.99999 0.96664 0.08833 99.99999 9.99999 0.0007738 1.4300
2461157.3991064 99.99999 9.99999 0.68251 0.08973 99.99999 9.99999 0.0007738 1.4293
2461157.3992403 99.99999 9.99999 99.99999 9.99999 99.99999 9.99999 0.0007738 1.4286
2461157.3994823 1.23905 0.09028 0.99270 0.09203 -0.24635 0.04265 0.0007738 1.4274
2461157.3996151 1.46803 0.08729 1.06867 0.08979 -0.39936 0.03905 0.0007738 1.4267
2461157.3997493 99.99999 9.99999 1.36156 0.10679 99.99999 9.99999 0.0007738 1.4260
2461157.3998838 1.30815 0.07413 0.95109 0.07651 -0.35705 0.03568 0.0007738 1.4253
2461157.4000178 1.17795 0.07083 0.89323 0.07364 -0.28472 0.03880 0.0007738 1.4247
2461157.4002644 1.26683 0.07950 0.88692 0.08260 -0.37991 0.04005 0.0007738 1.4234
2461157.4003968 1.17467 0.07323 0.82705 0.07626 -0.34761 0.03903 0.0007738 1.4228
2461157.4005306 1.38533 0.09101 1.02751 0.09337 -0.35782 0.04084 0.0007738 1.4221
2461157.4006636 1.21137 0.07871 0.87581 0.08203 -0.33556 0.04119 0.0007738 1.4214
2461157.4007982 1.05304 0.06942 0.72671 0.07245 -0.32633 0.04193 0.0007738 1.4208
2461157.4010412 99.99999 9.99999 99.99999 9.99999 99.99999 9.99999 0.0007738 1.4195
2461157.4011735 1.11518 0.08624 99.99999 9.99999 99.99999 9.99999 0.0007738 1.4189
2461157.4013075 1.17782 0.07449 0.78287 0.07812 -0.39494 0.04042 0.0007738 1.4182
2461157.4014410 1.28507 0.08212 0.96711 0.08505 -0.31796 0.03898 0.0007738 1.4175
2461157.4015746 99.99999 9.99999 99.99999 9.99999 -0.26215 0.03907 0.0007738 1.4169
2461157.4018052 1.09427 0.06395 0.52808 0.07117 -0.56619 0.04476 0.0007738 1.4157
2461157.4019377 1.10247 0.07720 99.99999 9.99999 99.99999 9.99999 0.0007738 1.4151
2461157.4020715 1.21008 0.07287 0.77605 0.07682 -0.43403 0.04063 0.0007738 1.4144
2461157.4022059 1.32631 0.08090 0.93461 0.08415 -0.39170 0.03972 0.0007738 1.4138
2461157.4023391 1.01472 0.06333 0.69597 0.06681 -0.31875 0.03941 0.0007739 1.4131
2461157.4025746 1.29208 0.08867 99.99999 9.99999 99.99999 9.99999 0.0007739 1.4119
2461157.4028411 99.99999 9.99999 99.99999 9.99999 -0.43485 0.04301 0.0007739 1.4106
2461157.4029734 1.36945 0.10036 99.99999 9.99999 99.99999 9.99999 0.0007739 1.4100
2461157.4031064 1.34065 0.09187 0.97192 0.09464 -0.36873 0.04420 0.0007739 1.4093
2461157.4032401 99.99999 9.99999 99.99999 9.99999 -0.20922 0.04440 0.0007739 1.4087
2461157.4034738 1.21794 0.07072 0.94363 0.07277 -0.27430 0.03453 0.0007739 1.4075
2461157.4036064 1.31556 0.06993 99.99999 9.99999 99.99999 9.99999 0.0007739 1.4069
2461157.4037399 1.28958 0.06881 0.80492 0.07261 -0.48466 0.03793 0.0007739 1.4062
2461157.4038740 99.99999 9.99999 0.98354 0.09241 99.99999 9.99999 0.0007739 1.4056
2461157.4040077 1.28220 0.08668 0.89553 0.09019 -0.38667 0.04308 0.0007739 1.4049
2461157.4042430 99.99999 9.99999 99.99999 9.99999 99.99999 9.99999 0.0007739 1.4038
2461157.4043754 0.97443 0.07058 99.99999 9.99999 99.99999 9.99999 0.0007739 1.4031
2461157.4045102 99.99999 9.99999 99.99999 9.99999 99.99999 9.99999 0.0007739 1.4025
2461157.4046439 0.91280 0.06417 99.99999 9.99999 99.99999 9.99999 0.0007739 1.4018
2461157.4047795 99.99999 9.99999 0.89547 0.10216 99.99999 9.99999 0.0007739 1.4012
2461157.4050197 1.28819 0.07765 0.91155 0.08130 -0.37665 0.03998 0.0007739 1.4000
2461157.4051525 1.23082 0.08008 0.83511 0.08502 -0.39570 0.04503 0.0007739 1.3994
2461157.4052866 1.45188 0.09134 1.25479 0.09295 -0.19709 0.03623 0.0007739 1.3987
2461157.4054211 1.36276 0.09585 0.92588 0.10047 -0.43688 0.04817 0.0007739 1.3981
2461157.4055541 99.99999 9.99999 99.99999 9.99999 -0.34682 0.04504 0.0007739 1.3975
2461157.4057842 1.42041 0.07569 1.00779 0.07843 -0.41262 0.03550 0.0007739 1.3964
2461157.4059171 99.99999 9.99999 99.99999 9.99999 99.99999 9.99999 0.0007739 1.3957
2461157.4060516 99.99999 9.99999 0.68762 0.08032 99.99999 9.99999 0.0007739 1.3951
2461157.4061865 99.99999 9.99999 99.99999 9.99999 99.99999 9.99999 0.0007740 1.3944
2461157.4063203 99.99999 9.99999 99.99999 9.99999 99.99999 9.99999 0.0007740 1.3938
2461157.4065469 1.07443 0.06956 0.88133 0.07160 -0.19310 0.03677 0.0007740 1.3927
2461157.4066793 1.21728 0.07495 0.85873 0.07792 -0.35855 0.03888 0.0007740 1.3921
2461157.4068128 1.27529 0.08328 99.99999 9.99999 99.99999 9.99999 0.0007740 1.3915
2461157.4069469 1.34132 0.07749 0.94311 0.08109 -0.39821 0.03968 0.0007740 1.3908
2461157.4070811 1.12693 0.06584 0.78338 0.06899 -0.34355 0.03771 0.0007740 1.3902
2461157.4073140 99.99999 9.99999 0.86372 0.07262 99.99999 9.99999 0.0007740 1.3891
2461157.4074469 1.43277 0.08739 1.00952 0.09031 -0.42325 0.03939 0.0007740 1.3885
2461157.4075808 99.99999 9.99999 1.03613 0.09282 99.99999 9.99999 0.0007740 1.3878
2461157.4077154 1.26165 0.07369 0.89640 0.07720 -0.36525 0.03963 0.0007740 1.3872
2461157.4078485 99.99999 9.99999 99.99999 9.99999 99.99999 9.99999 0.0007740 1.3866
2461157.4080860 99.99999 9.99999 1.02084 0.10026 99.99999 9.99999 0.0007740 1.3855
2461157.4082182 1.15692 0.07543 0.87539 0.07785 -0.28152 0.03952 0.0007740 1.3848
2461157.4083529 99.99999 9.99999 0.93339 0.08746 99.99999 9.99999 0.0007740 1.3842
2461157.4084859 1.29567 0.07714 0.95514 0.08030 -0.34053 0.03952 0.0007740 1.3836
2461157.4086200 1.23140 0.07242 0.85781 0.07607 -0.37359 0.03872 0.0007740 1.3830
2461157.4088635 99.99999 9.99999 99.99999 9.99999 -0.25436 0.03713 0.0007740 1.3818
2461157.4089957 1.40768 0.08334 1.03659 0.08575 -0.37109 0.03667 0.0007740 1.3812
2461157.4091303 1.29330 0.07474 0.95972 0.07787 -0.33358 0.03887 0.0007740 1.3806
2461157.4092640 1.28739 0.06977 0.87873 0.07281 -0.40866 0.03617 0.0007740 1.3800
2461157.4093977 1.52368 0.08882 1.14559 0.09184 -0.37809 0.03690 0.0007740 1.3793
2461157.4096441 99.99999 9.99999 99.99999 9.99999 99.99999 9.99999 0.0007740 1.3782
2461157.4097767 99.99999 9.99999 99.99999 9.99999 -0.22612 0.04156 0.0007740 1.3776
2461157.4099103 99.99999 9.99999 99.99999 9.99999 99.99999 9.99999 0.0007740 1.3770
2461157.4100435 99.99999 9.99999 99.99999 9.99999 -0.23586 0.04776 0.0007740 1.3764
2461157.4101782 99.99999 9.99999 99.99999 9.99999 99.99999 9.99999 0.0007741 1.3757
2461157.4104221 99.99999 9.99999 99.99999 9.99999 99.99999 9.99999 0.0007741 1.3746
2461157.4105544 99.99999 9.99999 99.99999 9.99999 -0.24719 0.03944 0.0007741 1.3740
2461157.4106891 99.99999 9.99999 99.99999 9.99999 -0.25838 0.04107 0.0007741 1.3734
2461157.4108223 1.07664 0.07705 0.74513 0.08130 -0.33151 0.04545 0.0007741 1.3728
2461157.4109561 99.99999 9.99999 0.86728 0.08026 99.99999 9.99999 0.0007741 1.3722
2461157.4113346 1.43709 0.10731 99.99999 9.99999 99.99999 9.99999 0.0007741 1.3704
2461157.4114683 1.06166 0.08466 99.99999 9.99999 99.99999 9.99999 0.0007741 1.3698
2461157.4116031 99.99999 9.99999 99.99999 9.99999 99.99999 9.99999 0.0007741 1.3692
2461157.4117364 99.99999 9.99999 0.61874 0.07545 99.99999 9.99999 0.0007741 1.3686
2461157.4119776 1.00429 0.06555 0.83199 0.06703 -0.17229 0.03760 0.0007741 1.3675
2461157.4121098 99.99999 9.99999 99.99999 9.99999 -0.35381 0.04524 0.0007741 1.3669
2461157.4122443 99.99999 9.99999 99.99999 9.99999 99.99999 9.99999 0.0007741 1.3663
2461157.4123780 99.99999 9.99999 99.99999 9.99999 99.99999 9.99999 0.0007741 1.3657
2461157.4125126 99.99999 9.99999 0.69188 0.06967 99.99999 9.99999 0.0007741 1.3651
2461157.4127597 99.99999 9.99999 99.99999 9.99999 99.99999 9.99999 0.0007741 1.3640
2461157.4128922 99.99999 9.99999 0.87358 0.07557 99.99999 9.99999 0.0007741 1.3634
2461157.4130255 99.99999 9.99999 0.89865 0.08634 99.99999 9.99999 0.0007741 1.3628
2461157.4131587 0.99490 0.08038 0.67676 0.08470 -0.31814 0.04944 0.0007741 1.3622
2461157.4132925 99.99999 9.99999 99.99999 9.99999 99.99999 9.99999 0.0007741 1.3616
2461157.4135392 1.13210 0.06528 0.81250 0.06771 -0.31960 0.03491 0.0007741 1.3605
2461157.4136714 1.01833 0.06556 0.73906 0.06825 -0.27927 0.03822 0.0007741 1.3599
2461157.4138050 0.94744 0.06610 0.77326 0.06830 -0.17418 0.04060 0.0007741 1.3593
2461157.4139386 0.90815 0.05985 0.61537 0.06306 -0.29278 0.03877 0.0007741 1.3587
2461157.4140734 0.98728 0.06257 0.67447 0.06607 -0.31281 0.03900 0.0007742 1.3581
2461157.4143158 99.99999 9.99999 0.83709 0.07595 99.99999 9.99999 0.0007742 1.3570
2461157.4144485 1.21746 0.07473 0.85080 0.07829 -0.36666 0.03924 0.0007742 1.3564
2461157.4145834 1.24262 0.06399 0.80337 0.06773 -0.43925 0.03625 0.0007742 1.3559
2461157.4147173 1.11508 0.07216 0.83464 0.07490 -0.28044 0.03984 0.0007742 1.3553
2461157.4148516 1.17014 0.07120 0.81172 0.07432 -0.35843 0.03919 0.0007742 1.3547
2461157.4152314 1.21778 0.07144 0.86650 0.07425 -0.35128 0.03737 0.0007742 1.3530
2461157.4153650 1.14393 0.07470 0.96239 0.07651 -0.18154 0.03843 0.0007742 1.3524
2461157.4154981 1.36694 0.08573 1.00564 0.08865 -0.36130 0.03962 0.0007742 1.3518
2461157.4156319 1.41549 0.07793 0.97964 0.08092 -0.43585 0.03723 0.0007742 1.3512
2461157.4158685 1.07150 0.07150 0.82662 0.07394 -0.24488 0.04038 0.0007742 1.3502
2461157.4160013 1.07887 0.08466 1.00807 0.08497 -0.07079 0.04180 0.0007742 1.3496
2461157.4161344 1.34917 0.07949 1.04151 0.08191 -0.30766 0.03603 0.0007742 1.3490
2461157.4162680 99.99999 9.99999 99.99999 9.99999 -0.39727 0.03899 0.0007742 1.3485
2461157.4164031 1.21592 0.07143 0.91741 0.07358 -0.29851 0.03611 0.0007742 1.3479
2461157.4166477 1.05500 0.08173 0.75945 0.08545 -0.29555 0.04809 0.0007742 1.3468
2461157.4167800 99.99999 9.99999 99.99999 9.99999 99.99999 9.99999 0.0007742 1.3462
2461157.4169139 1.13757 0.06797 99.99999 9.99999 99.99999 9.99999 0.0007742 1.3456
2461157.4170469 99.99999 9.99999 99.99999 9.99999 99.99999 9.99999 0.0007742 1.3451
2461157.4171815 99.99999 9.99999 0.84426 0.07705 99.99999 9.99999 0.0007742 1.3445
2461157.4174277 1.22907 0.09078 0.91355 0.09479 -0.31552 0.04766 0.0007742 1.3434
2461157.4175599 99.99999 9.99999 0.83803 0.09129 99.99999 9.99999 0.0007742 1.3429
2461157.4176940 1.26142 0.09622 99.99999 9.99999 99.99999 9.99999 0.0007742 1.3423
2461157.4178272 1.12115 0.08800 0.93601 0.08982 -0.18513 0.04539 0.0007742 1.3417
2461157.4179610 1.21413 0.09014 99.99999 9.99999 99.99999 9.99999 0.0007743 1.3411
2461157.4182059 99.99999 9.99999 99.99999 9.99999 99.99999 9.99999 0.0007743 1.3401
2461157.4183380 99.99999 9.99999 99.99999 9.99999 -0.19454 0.05211 0.0007743 1.3395
2461157.4184719 99.99999 9.99999 99.99999 9.99999 99.99999 9.99999 0.0007743 1.3389
2461157.4186052 99.99999 9.99999 99.99999 9.99999 99.99999 9.99999 0.0007743 1.3384
2461157.4187392 99.99999 9.99999 99.99999 9.99999 99.99999 9.99999 0.0007743 1.3378
2461157.4189861 1.18891 0.08602 1.05477 0.08770 -0.13414 0.04151 0.0007743 1.3367
2461157.4192520 1.29292 0.09663 0.78662 0.10250 -0.50630 0.05122 0.0007743 1.3356
2461157.4193858 1.18972 0.09084 0.83155 0.09509 -0.35817 0.04957 0.0007743 1.3351
2461157.4195212 1.10080 0.08810 99.99999 9.99999 99.99999 9.99999 0.0007743 1.3345
2461157.4197638 1.32229 0.09776 99.99999 9.99999 99.99999 9.99999 0.0007743 1.3335
2461157.4198964 99.99999 9.99999 1.20813 0.12592 99.99999 9.99999 0.0007743 1.3329
2461157.4200314 1.43815 0.12698 1.19067 0.12897 -0.24748 0.05318 0.0007743 1.3323
2461157.4201647 99.99999 9.99999 99.99999 9.99999 99.99999 9.99999 0.0007743 1.3318
2461157.4202987 99.99999 9.99999 99.99999 9.99999 99.99999 9.99999 0.0007743 1.3312
2461157.4205429 99.99999 9.99999 1.20357 0.13126 99.99999 9.99999 0.0007743 1.3302
2461157.4206751 99.99999 9.99999 99.99999 9.99999 99.99999 9.99999 0.0007743 1.3296
2461157.4208099 99.99999 9.99999 99.99999 9.99999 99.99999 9.99999 0.0007743 1.3291
2461157.4209435 99.99999 9.99999 99.99999 9.99999 -0.43265 0.05002 0.0007743 1.3285
2461157.4210774 1.61139 0.11498 1.12704 0.11945 -0.48435 0.04927 0.0007743 1.3279
2461157.4213242 1.52544 0.10732 1.01092 0.11176 -0.51452 0.04868 0.0007743 1.3269
2461157.4214569 1.40647 0.11449 0.98786 0.11887 -0.41861 0.05269 0.0007743 1.3264
2461157.4215900 1.38158 0.10176 1.04945 0.10458 -0.33213 0.04549 0.0007743 1.3258
2461157.4217237 1.39404 0.10872 1.12694 0.11142 -0.26710 0.04777 0.0007743 1.3252
2461157.4218586 1.70845 0.12254 1.16450 0.12678 -0.54394 0.04701 0.0007744 1.3247
2461157.4221032 1.37259 0.10211 1.09799 0.10373 -0.27460 0.04426 0.0007744 1.3237
2461157.4222353 1.42076 0.10649 1.19201 0.10793 -0.22875 0.04241 0.0007744 1.3231
2461157.4223702 99.99999 9.99999 99.99999 9.99999 -0.19617 0.04445 0.0007744 1.3226
2461157.4225049 1.30558 0.11338 99.99999 9.99999 99.99999 9.99999 0.0007744 1.3220
2461157.4226384 1.46259 0.10073 1.14595 0.10328 -0.31664 0.04306 0.0007744 1.3215
2461157.4228678 1.42561 0.11056 1.05070 0.11520 -0.37491 0.05155 0.0007744 1.3205
2461157.4230000 99.99999 9.99999 99.99999 9.99999 -0.39864 0.04547 0.0007744 1.3200
2461157.4231342 1.40975 0.09341 0.95378 0.09785 -0.45598 0.04700 0.0007744 1.3194
2461157.4232684 1.65881 0.10794 1.17412 0.11188 -0.48468 0.04495 0.0007744 1.3189
2461157.4234028 1.47142 0.09823 1.05482 0.10177 -0.41660 0.04318 0.0007744 1.3183
2461157.4236482 99.99999 9.99999 99.99999 9.99999 -0.42733 0.04058 0.0007744 1.3173
2461157.4237811 99.99999 9.99999 99.99999 9.99999 -0.48972 0.05343 0.0007744 1.3168
2461157.4239149 1.26561 0.08931 1.00811 0.09140 -0.25750 0.04170 0.0007744 1.3162
2461157.4240480 99.99999 9.99999 99.99999 9.99999 99.99999 9.99999 0.0007744 1.3157
2461157.4241823 99.99999 9.99999 1.01748 0.10699 99.99999 9.99999 0.0007744 1.3152
2461157.4244281 99.99999 9.99999 1.46882 0.14749 99.99999 9.99999 0.0007744 1.3142
2461157.4245603 1.56607 0.12168 1.30082 0.12380 -0.26526 0.04587 0.0007744 1.3136
2461157.4246936 1.14369 0.09136 0.84121 0.09507 -0.30249 0.05020 0.0007744 1.3131
2461157.4248269 99.99999 9.99999 1.02243 0.11823 99.99999 9.99999 0.0007744 1.3125
2461157.4249609 1.30250 0.08703 0.71974 0.09389 -0.58276 0.05058 0.0007744 1.3120
2461157.4251973 1.28265 0.10224 99.99999 9.99999 99.99999 9.99999 0.0007744 1.3111
2461157.4254634 99.99999 9.99999 99.99999 9.99999 99.99999 9.99999 0.0007744 1.3100
2461157.4255956 99.99999 9.99999 0.96935 0.09363 99.99999 9.99999 0.0007744 1.3095
2461157.4257286 99.99999 9.99999 99.99999 9.99999 99.99999 9.99999 0.0007744 1.3089
2461157.4258614 1.22512 0.10427 99.99999 9.99999 99.99999 9.99999 0.0007745 1.3084
2461157.4261040 1.23943 0.08525 0.73656 0.09146 -0.50287 0.04857 0.0007745 1.3074
2461157.4262365 1.21705 0.09603 0.96488 0.09819 -0.25218 0.04687 0.0007745 1.3069
2461157.4263702 99.99999 9.99999 1.06168 0.10398 99.99999 9.99999 0.0007745 1.3064
2461157.4265036 1.29139 0.10429 0.94095 0.10822 -0.35044 0.05181 0.0007745 1.3058
2461157.4266386 1.25668 0.09346 0.96708 0.09630 -0.28961 0.04601 0.0007745 1.3053
2461157.4268820 99.99999 9.99999 99.99999 9.99999 99.99999 9.99999 0.0007745 1.3043
2461157.4270143 1.27417 0.09219 0.96657 0.09540 -0.30760 0.04797 0.0007745 1.3038
2461157.4271485 99.99999 9.99999 0.99745 0.10491 99.99999 9.99999 0.0007745 1.3033
2461157.4272822 99.99999 9.99999 0.95588 0.10084 99.99999 9.99999 0.0007745 1.3027
2461157.4274155 1.27996 0.10247 0.99275 0.10592 -0.28721 0.05058 0.0007745 1.3022
2461157.4276520 99.99999 9.99999 0.83288 0.07987 99.99999 9.99999 0.0007745 1.3013
2461157.4277843 99.99999 9.99999 0.88394 0.09705 99.99999 9.99999 0.0007745 1.3008
2461157.4279178 99.99999 9.99999 99.99999 9.99999 -0.22319 0.04854 0.0007745 1.3002
2461157.4280510 1.39147 0.08170 0.92667 0.08583 -0.46480 0.04162 0.0007745 1.2997
2461157.4281852 1.39707 0.08288 0.95969 0.08681 -0.43738 0.04121 0.0007745 1.2992
2461157.4284281 99.99999 9.99999 99.99999 9.99999 -0.51975 0.04258 0.0007745 1.2982
2461157.4285609 1.54315 0.10152 0.98893 0.10552 -0.55422 0.04491 0.0007745 1.2977
2461157.4286957 1.23434 0.08537 0.92748 0.08823 -0.30686 0.04320 0.0007745 1.2972
2461157.4288295 99.99999 9.99999 99.99999 9.99999 -0.24683 0.04585 0.0007745 1.2967
2461157.4289637 1.39619 0.10432 1.22374 0.10590 -0.17244 0.04303 0.0007745 1.2962
2461157.4292003 99.99999 9.99999 99.99999 9.99999 99.99999 9.99999 0.0007745 1.2952
2461157.4293330 1.40359 0.08657 1.04014 0.08963 -0.36345 0.04104 0.0007745 1.2947
2461157.4294668 99.99999 9.99999 99.99999 9.99999 -0.49250 0.04106 0.0007745 1.2942
2461157.4296001 1.38895 0.08635 0.88082 0.09097 -0.50813 0.04318 0.0007745 1.2937
2461157.4297348 1.28274 0.08304 0.83877 0.08733 -0.44397 0.04346 0.0007746 1.2932
2461157.4299782 1.43477 0.10131 1.14254 0.10400 -0.29222 0.04442 0.0007746 1.2922
2461157.4301102 1.45480 0.08680 1.15137 0.08870 -0.30344 0.03631 0.0007746 1.2917
2461157.4302441 1.56322 0.08807 1.11635 0.09075 -0.44687 0.03731 0.0007746 1.2912
2461157.4303772 1.45942 0.09069 1.12721 0.09358 -0.33220 0.03961 0.0007746 1.2907
2461157.4305117 99.99999 9.99999 1.14809 0.08704 99.99999 9.99999 0.0007746 1.2902
2461157.4307537 1.74161 0.12266 1.20917 0.12668 -0.53243 0.04629 0.0007746 1.2893
2461157.4308860 99.99999 9.99999 99.99999 9.99999 99.99999 9.99999 0.0007746 1.2888
2461157.4311546 1.20681 0.07846 99.99999 9.99999 99.99999 9.99999 0.0007746 1.2877
2461157.4312889 99.99999 9.99999 0.84711 0.09553 99.99999 9.99999 0.0007746 1.2872
2461157.4315357 99.99999 9.99999 99.99999 9.99999 99.99999 9.99999 0.0007746 1.2863
2461157.4316683 99.99999 9.99999 99.99999 9.99999 99.99999 9.99999 0.0007746 1.2858
2461157.4318017 99.99999 9.99999 99.99999 9.99999 -0.36580 0.04597 0.0007746 1.2853
2461157.4319353 99.99999 9.99999 99.99999 9.99999 99.99999 9.99999 0.0007746 1.2848
2461157.4320694 99.99999 9.99999 99.99999 9.99999 99.99999 9.99999 0.0007746 1.2843
2461157.4323165 99.99999 9.99999 99.99999 9.99999 -0.31669 0.04071 0.0007746 1.2833
2461157.4324487 1.59235 0.11234 99.99999 9.99999 99.99999 9.99999 0.0007746 1.2828
2461157.4325823 99.99999 9.99999 99.99999 9.99999 99.99999 9.99999 0.0007746 1.2823
2461157.4327153 1.34098 0.09361 1.05713 0.09641 -0.28385 0.04354 0.0007746 1.2818
2461157.4328499 99.99999 9.99999 99.99999 9.99999 -0.46579 0.04294 0.0007746 1.2813
2461157.4330957 99.99999 9.99999 99.99999 9.99999 -0.31115 0.03436 0.0007746 1.2804
2461157.4332284 1.62551 0.09220 1.05364 0.09630 -0.57187 0.04020 0.0007746 1.2799
2461157.4333611 1.22631 0.06874 99.99999 9.99999 99.99999 9.99999 0.0007746 1.2794
2461157.4334942 99.99999 9.99999 99.99999 9.99999 -0.31627 0.04045 0.0007746 1.2789
2461157.4336287 99.99999 9.99999 1.07456 0.09833 99.99999 9.99999 0.0007747 1.2784
2461157.4338726 1.31202 0.07847 0.96678 0.08172 -0.34524 0.03830 0.0007747 1.2775
2461157.4340047 1.22796 0.07948 99.99999 9.99999 99.99999 9.99999 0.0007747 1.2770
2461157.4341389 99.99999 9.99999 0.98535 0.08219 99.99999 9.99999 0.0007747 1.2765
2461157.4342736 99.99999 9.99999 99.99999 9.99999 99.99999 9.99999 0.0007747 1.2760
2461157.4344079 1.40566 0.09609 99.99999 9.99999 99.99999 9.99999 0.0007747 1.2755
2461157.4346506 99.99999 9.99999 99.99999 9.99999 -0.40806 0.04434 0.0007747 1.2746
2461157.4347829 99.99999 9.99999 0.95671 0.09858 99.99999 9.99999 0.0007747 1.2741
2461157.4349170 99.99999 9.99999 0.79200 0.08137 99.99999 9.99999 0.0007747 1.2736
2461157.4350508 1.65410 0.13316 1.47970 0.13394 -0.17439 0.04391 0.0007747 1.2731
2461157.4351859 99.99999 9.99999 99.99999 9.99999 -0.21168 0.03726 0.0007747 1.2726
2461157.4354326 99.99999 9.99999 99.99999 9.99999 99.99999 9.99999 0.0007747 1.2717
2461157.4355649 1.35081 0.10115 1.13414 0.10308 -0.21668 0.04252 0.0007747 1.2713
2461157.4356994 99.99999 9.99999 99.99999 9.99999 -0.33066 0.04257 0.0007747 1.2708
2461157.4358324 99.99999 9.99999 99.99999 9.99999 -0.26673 0.03894 0.0007747 1.2703
2461157.4359666 1.53464 0.09262 1.02506 0.09665 -0.50957 0.04129 0.0007747 1.2698
2461157.4362113 1.33259 0.09255 1.10852 0.09481 -0.22408 0.04236 0.0007747 1.2689
2461157.4363434 99.99999 9.99999 99.99999 9.99999 -0.24756 0.04165 0.0007747 1.2684
2461157.4364780 1.51470 0.09733 1.22999 0.09910 -0.28471 0.03864 0.0007747 1.2679
2461157.4366114 1.50751 0.09001 1.14585 0.09230 -0.36167 0.03734 0.0007747 1.2674
2461157.4367456 99.99999 9.99999 99.99999 9.99999 99.99999 9.99999 0.0007747 1.2670
2461157.4369826 99.99999 9.99999 99.99999 9.99999 99.99999 9.99999 0.0007747 1.2661
2461157.4371155 1.28847 0.09094 1.14818 0.09228 -0.14030 0.04031 0.0007747 1.2656
2461157.4372492 1.30067 0.08004 0.94650 0.08270 -0.35417 0.03892 0.0007747 1.2651
2461157.4373825 1.47150 0.09598 1.13608 0.09877 -0.33543 0.04097 0.0007747 1.2647
2461157.4375173 99.99999 9.99999 99.99999 9.99999 -0.29826 0.04075 0.0007748 1.2642
2461157.4377647 99.99999 9.99999 99.99999 9.99999 -0.24235 0.03541 0.0007748 1.2633
2461157.4378971 1.37748 0.07665 0.93254 0.08024 -0.44494 0.03817 0.0007748 1.2628
2461157.4380311 1.40698 0.08089 1.02826 0.08370 -0.37872 0.03676 0.0007748 1.2623
2461157.4381640 1.39167 0.08206 0.94093 0.08554 -0.45074 0.03991 0.0007748 1.2619
2461157.4382983 1.44922 0.09711 1.03325 0.10066 -0.41597 0.04473 0.0007748 1.2614
2461157.4385458 99.99999 9.99999 99.99999 9.99999 99.99999 9.99999 0.0007748 1.2605
2461157.4386783 1.45573 0.11300 1.12610 0.11631 -0.32963 0.04785 0.0007748 1.2600
2461157.4388118 1.44095 0.11209 -0.34690 0.18298 -1.78785 0.15041 0.0007748 1.2596
2461157.4389455 1.39823 0.09947 1.15593 0.10167 -0.24231 0.04221 0.0007748 1.2591
2461157.4390798 99.99999 9.99999 99.99999 9.99999 99.99999 9.99999 0.0007748 1.2586
2461157.4393206 1.62189 0.11003 1.20189 0.11260 -0.41999 0.04243 0.0007748 1.2577
2461157.4394532 99.99999 9.99999 99.99999 9.99999 99.99999 9.99999 0.0007748 1.2573
2461157.4395868 99.99999 9.99999 99.99999 9.99999 99.99999 9.99999 0.0007748 1.2568
2461157.4397216 99.99999 9.99999 99.99999 9.99999 99.99999 9.99999 0.0007748 1.2563
2461157.4398548 99.99999 9.99999 1.25350 0.12394 99.99999 9.99999 0.0007748 1.2559
2461157.4400928 1.43593 0.09996 0.98144 0.10391 -0.45449 0.04671 0.0007748 1.2550
2461157.4402250 1.41505 0.09570 0.97332 0.09942 -0.44173 0.04479 0.0007748 1.2546
2461157.4403586 1.57860 0.12196 99.99999 9.99999 99.99999 9.99999 0.0007748 1.2541
2461157.4404918 1.43553 0.11205 1.19174 0.11400 -0.24379 0.04449 0.0007748 1.2536
2461157.4406271 99.99999 9.99999 99.99999 9.99999 99.99999 9.99999 0.0007748 1.2532
2461157.4408691 99.99999 9.99999 1.48306 0.12210 99.99999 9.99999 0.0007748 1.2523
2461157.4410016 99.99999 9.99999 99.99999 9.99999 99.99999 9.99999 0.0007748 1.2519
2461157.4411360 99.99999 9.99999 99.99999 9.99999 -0.30999 0.04362 0.0007748 1.2514
2461157.4414039 99.99999 9.99999 99.99999 9.99999 -0.36567 0.04549 0.0007748 1.2505
2461157.4416483 1.60993 0.09386 1.03658 0.09745 -0.57334 0.04012 0.0007749 1.2496
2461157.4417805 99.99999 9.99999 99.99999 9.99999 99.99999 9.99999 0.0007749 1.2492
2461157.4419155 1.47013 0.08908 99.99999 9.99999 99.99999 9.99999 0.0007749 1.2487
2461157.4420486 1.53881 0.09793 1.20365 0.10027 -0.33516 0.03932 0.0007749 1.2482
2461157.4423984 1.58966 0.10332 1.15147 0.10630 -0.43819 0.04086 0.0007749 1.2470
2461157.4425310 1.52203 0.09960 1.04406 0.10354 -0.47797 0.04445 0.0007749 1.2466
2461157.4426647 99.99999 9.99999 99.99999 9.99999 -0.39925 0.04356 0.0007749 1.2461
2461157.4429336 99.99999 9.99999 1.17894 0.11681 99.99999 9.99999 0.0007749 1.2452
2461157.4430654 99.99999 9.99999 99.99999 9.99999 -0.37375 0.04750 0.0007749 1.2447
2461157.4432950 99.99999 9.99999 99.99999 9.99999 -0.48393 0.04766 0.0007749 1.2440
2461157.4434276 1.94504 0.13916 1.46202 0.14180 -0.48302 0.04101 0.0007749 1.2435
2461157.4435605 1.66176 0.11567 1.27363 0.11807 -0.38812 0.04186 0.0007749 1.2431
2461157.4436957 1.49364 0.09062 1.10963 0.09363 -0.38401 0.04025 0.0007749 1.2426
2461157.4438288 99.99999 9.99999 99.99999 9.99999 -0.36599 0.04065 0.0007749 1.2421
2461157.4440715 1.26871 0.09673 0.93709 0.10065 -0.33161 0.04990 0.0007749 1.2413
2461157.4442037 99.99999 9.99999 99.99999 9.99999 -0.39045 0.04019 0.0007749 1.2409
2461157.4443364 1.41379 0.09574 1.05462 0.09860 -0.35917 0.04453 0.0007749 1.2404
2461157.4444704 99.99999 9.99999 1.17342 0.11612 99.99999 9.99999 0.0007749 1.2400
2461157.4446053 1.64332 0.12209 1.21361 0.12507 -0.42971 0.04492 0.0007749 1.2395
2461157.4448497 99.99999 9.99999 99.99999 9.99999 99.99999 9.99999 0.0007749 1.2387
2461157.4451158 1.50572 0.12140 1.21994 0.12403 -0.28578 0.04977 0.0007749 1.2378
2461157.4452483 99.99999 9.99999 99.99999 9.99999 -0.22521 0.04435 0.0007749 1.2374
2461157.4453813 1.57161 0.12758 1.24365 0.12974 -0.32796 0.04783 0.0007750 1.2369
2461157.4455150 99.99999 9.99999 99.99999 9.99999 -0.39620 0.05282 0.0007750 1.2365
2461157.4457578 99.99999 9.99999 99.99999 9.99999 99.99999 9.99999 0.0007750 1.2357
2461157.4458900 99.99999 9.99999 99.99999 9.99999 99.99999 9.99999 0.0007750 1.2352
2461157.4460228 1.36944 0.12757 99.99999 9.99999 99.99999 9.99999 0.0007750 1.2348
2461157.4461558 1.31527 0.10358 0.91809 0.10815 -0.39719 0.05373 0.0007750 1.2343
2461157.4462929 1.53991 0.12966 1.03058 0.13396 -0.50934 0.05599 0.0007750 1.2339
2461157.4465349 99.99999 9.99999 1.33057 0.13876 99.99999 9.99999 0.0007750 1.2331
2461157.4466673 99.99999 9.99999 99.99999 9.99999 -0.33606 0.05138 0.0007750 1.2326
2461157.4468013 99.99999 9.99999 0.82710 0.10460 99.99999 9.99999 0.0007750 1.2322
2461157.4469351 1.62376 0.14971 99.99999 9.99999 99.99999 9.99999 0.0007750 1.2318
2461157.4470689 1.23608 0.09448 99.99999 9.99999 99.99999 9.99999 0.0007750 1.2313
2461157.4472964 99.99999 9.99999 99.99999 9.99999 99.99999 9.99999 0.0007750 1.2306
2461157.4474290 1.42338 0.10243 1.08973 0.10534 -0.33365 0.04469 0.0007750 1.2301
2461157.4475630 99.99999 9.99999 99.99999 9.99999 99.99999 9.99999 0.0007750 1.2297
2461157.4476973 99.99999 9.99999 99.99999 9.99999 99.99999 9.99999 0.0007750 1.2293
2461157.4478312 99.99999 9.99999 99.99999 9.99999 -0.45723 0.04334 0.0007750 1.2288
2461157.4480690 99.99999 9.99999 99.99999 9.99999 99.99999 9.99999 0.0007750 1.2280
2461157.4482011 99.99999 9.99999 1.16238 0.10843 99.99999 9.99999 0.0007750 1.2276
2461157.4483348 1.59087 0.10386 1.28146 0.10590 -0.30941 0.03941 0.0007750 1.2272
2461157.4484689 1.45983 0.09830 1.09754 0.10123 -0.36230 0.04296 0.0007750 1.2267
2461157.4486034 99.99999 9.99999 1.13782 0.10655 99.99999 9.99999 0.0007750 1.2263
2461157.4488472 1.22358 0.07571 0.69053 0.08140 -0.53304 0.04492 0.0007750 1.2255
2461157.4489796 1.46677 0.08560 99.99999 9.99999 99.99999 9.99999 0.0007750 1.2251
2461157.4491138 1.70979 0.11260 99.99999 9.99999 99.99999 9.99999 0.0007750 1.2247
2461157.4492472 99.99999 9.99999 99.99999 9.99999 -0.20026 0.03880 0.0007750 1.2242
2461157.4493821 99.99999 9.99999 99.99999 9.99999 -0.35154 0.03624 0.0007751 1.2238
2461157.4496286 99.99999 9.99999 99.99999 9.99999 -0.39125 0.03558 0.0007751 1.2230
2461157.4497607 1.53322 0.09313 1.24175 0.09516 -0.29147 0.03618 0.0007751 1.2226
2461157.4498949 1.66931 0.10615 1.33804 0.10793 -0.33127 0.03804 0.0007751 1.2221
2461157.4500285 99.99999 9.99999 99.99999 9.99999 -0.42775 0.03920 0.0007751 1.2217
2461157.4501625 1.61916 0.08996 1.22948 0.09223 -0.38969 0.03433 0.0007751 1.2213
2461157.4504095 99.99999 9.99999 99.99999 9.99999 99.99999 9.99999 0.0007751 1.2205
2461157.4505418 1.45066 0.08409 1.16862 0.08560 -0.28204 0.03500 0.0007751 1.2201
2461157.4506747 1.58044 0.09659 1.26885 0.09854 -0.31159 0.03628 0.0007751 1.2197
2461157.4508081 1.52607 0.09024 1.10360 0.09295 -0.42247 0.03823 0.0007751 1.2192
2461157.4509431 1.76767 0.10420 1.30111 0.10677 -0.46656 0.03769 0.0007751 1.2188
2461157.4511899 1.44240 0.08218 1.15577 0.08357 -0.28663 0.03352 0.0007751 1.2180
2461157.4513221 1.62462 0.10012 1.35836 0.10159 -0.26627 0.03615 0.0007751 1.2176
2461157.4514553 1.66436 0.10672 1.21278 0.11014 -0.45158 0.04248 0.0007751 1.2172
2461157.4515890 1.82852 0.10735 1.37374 0.10981 -0.45478 0.03625 0.0007751 1.2168
2461157.4517229 1.63248 0.08830 1.27926 0.09017 -0.35322 0.03417 0.0007751 1.2163
2461157.4519583 1.70064 0.12398 1.53877 0.12513 -0.16187 0.03956 0.0007751 1.2156
2461157.4520906 1.45202 0.09633 1.14873 0.09807 -0.30330 0.03992 0.0007751 1.2152
2461157.4522247 1.50559 0.09178 99.99999 9.99999 99.99999 9.99999 0.0007751 1.2148
2461157.4523588 99.99999 9.99999 99.99999 9.99999 -0.29574 0.03516 0.0007751 1.2143
2461157.4524924 99.99999 9.99999 99.99999 9.99999 -0.27978 0.03808 0.0007751 1.2139
2461157.4527223 99.99999 9.99999 99.99999 9.99999 99.99999 9.99999 0.0007751 1.2132
2461157.4528546 1.52024 0.09446 1.17303 0.09683 -0.34721 0.03834 0.0007751 1.2128
2461157.4529900 1.54372 0.10474 1.15798 0.10741 -0.38573 0.04219 0.0007751 1.2124
2461157.4531235 99.99999 9.99999 0.99160 0.09907 99.99999 9.99999 0.0007751 1.2120
2461157.4532571 1.77035 0.11685 1.40406 0.11901 -0.36629 0.03855 0.0007752 1.2115
2461157.4534856 1.85106 0.13631 1.33960 0.13969 -0.51146 0.04620 0.0007752 1.2108
2461157.4536178 99.99999 9.99999 99.99999 9.99999 99.99999 9.99999 0.0007752 1.2104
2461157.4537517 99.99999 9.99999 99.99999 9.99999 99.99999 9.99999 0.0007752 1.2100
2461157.4538868 99.99999 9.99999 99.99999 9.99999 99.99999 9.99999 0.0007752 1.2096
2461157.4540225 99.99999 9.99999 99.99999 9.99999 -0.24222 0.04188 0.0007752 1.2092
2461157.4542672 99.99999 9.99999 99.99999 9.99999 99.99999 9.99999 0.0007752 1.2084
2461157.4545334 99.99999 9.99999 99.99999 9.99999 -0.37980 0.03429 0.0007752 1.2076
2461157.4546670 99.99999 9.99999 99.99999 9.99999 99.99999 9.99999 0.0007752 1.2072
2461157.4548008 99.99999 9.99999 99.99999 9.99999 -0.14614 0.03350 0.0007752 1.2068
2461157.4551610 99.99999 9.99999 1.18921 0.09415 99.99999 9.99999 0.0007752 1.2057
2461157.4552937 1.70996 0.08848 1.15772 0.09130 -0.55224 0.03384 0.0007752 1.2053
2461157.4554286 99.99999 9.99999 1.14970 0.09959 99.99999 9.99999 0.0007752 1.2049
2461157.4555618 1.56010 0.10028 1.12255 0.10371 -0.43755 0.04331 0.0007752 1.2045
2461157.4558045 99.99999 9.99999 99.99999 9.99999 99.99999 9.99999 0.0007752 1.2037
2461157.4559368 99.99999 9.99999 99.99999 9.99999 99.99999 9.99999 0.0007752 1.2033
2461157.4560697 1.46613 0.08924 0.98534 0.09342 -0.48079 0.04221 0.0007752 1.2029
2461157.4562027 99.99999 9.99999 0.87540 0.09310 99.99999 9.99999 0.0007752 1.2025
2461157.4563364 1.42868 0.09217 1.10524 0.09493 -0.32344 0.03971 0.0007752 1.2021
2461157.4565847 99.99999 9.99999 99.99999 9.99999 -0.40636 0.03620 0.0007752 1.2014
2461157.4567171 99.99999 9.99999 99.99999 9.99999 -0.47781 0.03360 0.0007752 1.2010
2461157.4568503 99.99999 9.99999 99.99999 9.99999 99.99999 9.99999 0.0007752 1.2006
2461157.4569833 99.99999 9.99999 99.99999 9.99999 -0.22706 0.03579 0.0007752 1.2002
2461157.4571178 1.60075 0.08898 1.19479 0.09144 -0.40596 0.03589 0.0007753 1.1998
2461157.4573646 99.99999 9.99999 99.99999 9.99999 -0.57411 0.03672 0.0007753 1.1991
2461157.4574970 1.57573 0.09561 1.15763 0.09845 -0.41811 0.03998 0.0007753 1.1987
2461157.4576303 99.99999 9.99999 99.99999 9.99999 -0.25844 0.03486 0.0007753 1.1983
2461157.4577634 99.99999 9.99999 1.25326 0.09487 99.99999 9.99999 0.0007753 1.1979
2461157.4578978 1.65504 0.08684 1.24014 0.08937 -0.41490 0.03334 0.0007753 1.1975
2461157.4581458 99.99999 9.99999 1.50188 0.11594 99.99999 9.99999 0.0007753 1.1967
2461157.4582779 99.99999 9.99999 1.27277 0.10690 99.99999 9.99999 0.0007753 1.1963
2461157.4584107 1.64868 0.10159 1.31105 0.10335 -0.33763 0.03737 0.0007753 1.1960
2461157.4585437 99.99999 9.99999 99.99999 9.99999 -0.43123 0.03805 0.0007753 1.1956
2461157.4586779 99.99999 9.99999 99.99999 9.99999 -0.31714 0.03416 0.0007753 1.1952
2461157.4589256 99.99999 9.99999 99.99999 9.99999 99.99999 9.99999 0.0007753 1.1944
2461157.4590581 1.46581 0.08912 1.22656 0.09028 -0.23924 0.03555 0.0007753 1.1940
2461157.4591915 99.99999 9.99999 99.99999 9.99999 99.99999 9.99999 0.0007753 1.1937
2461157.4593252 99.99999 9.99999 99.99999 9.99999 -0.24860 0.03466 0.0007753 1.1933
2461157.4594578 1.43498 0.09842 1.12548 0.10119 -0.30949 0.04303 0.0007753 1.1929
2461157.4597024 1.47451 0.09273 99.99999 9.99999 99.99999 9.99999 0.0007753 1.1922
2461157.4598348 1.29320 0.08430 99.99999 9.99999 99.99999 9.99999 0.0007753 1.1918
2461157.4599686 99.99999 9.99999 1.20711 0.12231 99.99999 9.99999 0.0007753 1.1914
2461157.4601027 99.99999 9.99999 99.99999 9.99999 99.99999 9.99999 0.0007753 1.1910
2461157.4602376 99.99999 9.99999 99.99999 9.99999 -0.35976 0.03582 0.0007753 1.1906
2461157.4604850 99.99999 9.99999 99.99999 9.99999 -0.31294 0.03443 0.0007753 1.1899
2461157.4606171 99.99999 9.99999 99.99999 9.99999 -0.44801 0.03861 0.0007753 1.1895
2461157.4607502 1.71498 0.10224 99.99999 9.99999 99.99999 9.99999 0.0007753 1.1891
2461157.4608832 1.65040 0.10684 -0.49424 0.19216 -2.14464 0.16325 0.0007753 1.1887
2461157.4610171 99.99999 9.99999 1.72663 0.14348 99.99999 9.99999 0.0007754 1.1884
2461157.4612553 99.99999 9.99999 1.16999 0.11478 99.99999 9.99999 0.0007754 1.1877
2461157.4613876 1.64195 0.12906 1.18726 0.13313 -0.45469 0.05070 0.0007754 1.1873
2461157.4615206 99.99999 9.99999 99.99999 9.99999 99.99999 9.99999 0.0007754 1.1869
2461157.4616537 1.67078 0.10886 1.30296 0.11120 -0.36782 0.03956 0.0007754 1.1865
2461157.4617875 99.99999 9.99999 99.99999 9.99999 -0.31221 0.03721 0.0007754 1.1861
2461157.4620325 1.57664 0.08713 1.27096 0.08853 -0.30568 0.03295 0.0007754 1.1854
2461157.4622989 99.99999 9.99999 99.99999 9.99999 99.99999 9.99999 0.0007754 1.1847
2461157.4624325 1.60858 0.10426 99.99999 9.99999 99.99999 9.99999 0.0007754 1.1843
2461157.4625662 99.99999 9.99999 99.99999 9.99999 99.99999 9.99999 0.0007754 1.1839
2461157.4628057 1.54794 0.08995 99.99999 9.99999 99.99999 9.99999 0.0007754 1.1832
2461157.4629382 99.99999 9.99999 0.96118 0.08582 99.99999 9.99999 0.0007754 1.1829
2461157.4630712 99.99999 9.99999 99.99999 9.99999 99.99999 9.99999 0.0007754 1.1825
2461157.4632048 99.99999 9.99999 99.99999 9.99999 -0.35584 0.04507 0.0007754 1.1821
2461157.4633391 99.99999 9.99999 99.99999 9.99999 99.99999 9.99999 0.0007754 1.1817
2461157.4635827 99.99999 9.99999 99.99999 9.99999 -0.25657 0.04325 0.0007754 1.1811
2461157.4637147 1.40584 0.11091 1.31233 0.11202 -0.09351 0.04471 0.0007754 1.1807
2461157.4638492 1.58532 0.10881 1.21164 0.11120 -0.37368 0.04211 0.0007754 1.1803
2461157.4639830 99.99999 9.99999 99.99999 9.99999 -0.26233 0.04177 0.0007754 1.1799
2461157.4641171 1.32045 0.08711 1.12724 0.08858 -0.19321 0.03963 0.0007754 1.1796
2461157.4643625 1.59788 0.10329 1.17760 0.10659 -0.42028 0.04194 0.0007754 1.1789
2461157.4644946 1.52781 0.09475 1.22216 0.09674 -0.30565 0.03735 0.0007754 1.1785
2461157.4646286 1.46614 0.09511 1.20923 0.09674 -0.25691 0.03882 0.0007754 1.1781
2461157.4647631 1.70199 0.09613 1.26752 0.09818 -0.43447 0.03465 0.0007754 1.1778
2461157.4648963 99.99999 9.99999 99.99999 9.99999 -0.25705 0.03830 0.0007754 1.1774
2461157.4651323 1.33097 0.08139 1.01563 0.08413 -0.31535 0.03812 0.0007755 1.1767
2461157.4652645 99.99999 9.99999 99.99999 9.99999 -0.40823 0.03673 0.0007755 1.1764
2461157.4653985 99.99999 9.99999 99.99999 9.99999 -0.41454 0.04229 0.0007755 1.1760
2461157.4655317 1.51576 0.08535 1.21412 0.08705 -0.30165 0.03467 0.0007755 1.1756
2461157.4656663 1.97081 0.11644 1.38766 0.11913 -0.58316 0.03690 0.0007755 1.1753
2461157.4659048 1.50899 0.08815 1.31246 0.08957 -0.19653 0.03449 0.0007755 1.1746
2461157.4660370 1.51109 0.09447 99.99999 9.99999 99.99999 9.99999 0.0007755 1.1742
2461157.4661702 1.58664 0.09638 1.10353 0.09990 -0.48311 0.04146 0.0007755 1.1739
2461157.4663036 1.35260 0.10279 99.99999 9.99999 99.99999 9.99999 0.0007755 1.1735
2461157.4664372 1.43500 0.07493 1.10141 0.07704 -0.33359 0.03358 0.0007755 1.1732
2461157.4666826 1.39979 0.08543 1.06675 0.08785 -0.33304 0.04009 0.0007755 1.1725
2461157.4668148 99.99999 9.99999 0.93107 0.09194 99.99999 9.99999 0.0007755 1.1721
2461157.4669490 1.49554 0.09816 1.25537 0.09991 -0.24017 0.03961 0.0007755 1.1718
2461157.4670820 1.36951 0.08776 99.99999 9.99999 99.99999 9.99999 0.0007755 1.1714
2461157.4672167 1.58540 0.09873 1.21995 0.10125 -0.36545 0.04019 0.0007755 1.1710
2461157.4674572 99.99999 9.99999 1.12934 0.10814 99.99999 9.99999 0.0007755 1.1704
2461157.4677220 99.99999 9.99999 99.99999 9.99999 99.99999 9.99999 0.0007755 1.1697
2461157.4678558 1.47291 0.10985 99.99999 9.99999 99.99999 9.99999 0.0007755 1.1693
2461157.4679893 99.99999 9.99999 99.99999 9.99999 99.99999 9.99999 0.0007755 1.1690
2461157.4682352 1.55538 0.11687 99.99999 9.99999 99.99999 9.99999 0.0007755 1.1683
2461157.4683673 99.99999 9.99999 99.99999 9.99999 99.99999 9.99999 0.0007755 1.1679
2461157.4685000 1.53843 0.09872 0.31105 0.11948 -1.22737 0.07432 0.0007755 1.1676
2461157.4686330 1.28071 0.08417 1.14829 0.08488 -0.13242 0.03771 0.0007755 1.1672
2461157.4687677 1.58619 0.10632 1.16287 0.10936 -0.42331 0.04254 0.0007755 1.1669
2461157.4691485 1.18908 0.08951 1.06521 0.09059 -0.12387 0.04305 0.0007756 1.1659
2461157.4692806 1.65467 0.10308 1.23335 0.10549 -0.42132 0.03804 0.0007756 1.1655
2461157.4694142 99.99999 9.99999 99.99999 9.99999 99.99999 9.99999 0.0007756 1.1651
2461157.4695492 99.99999 9.99999 0.89821 0.08690 99.99999 9.99999 0.0007756 1.1648
2461157.4697942 99.99999 9.99999 99.99999 9.99999 99.99999 9.99999 0.0007756 1.1641
2461157.4699263 1.11683 0.08816 0.96762 0.08933 -0.14922 0.04568 0.0007756 1.1638
2461157.4700608 99.99999 9.99999 99.99999 9.99999 99.99999 9.99999 0.0007756 1.1634
2461157.4701945 99.99999 9.99999 99.99999 9.99999 99.99999 9.99999 0.0007756 1.1631
2461157.4703290 1.47010 0.09548 1.16724 0.09730 -0.30287 0.03785 0.0007756 1.1627
2461157.4705773 1.63956 0.09670 1.22529 0.09929 -0.41427 0.03747 0.0007756 1.1621
2461157.4707102 99.99999 9.99999 99.99999 9.99999 99.99999 9.99999 0.0007756 1.1617
2461157.4708430 99.99999 9.99999 1.10843 0.10245 99.99999 9.99999 0.0007756 1.1614
2461157.4709765 1.49047 0.08759 1.03094 0.09110 -0.45953 0.03915 0.0007756 1.1610
2461157.4711103 99.99999 9.99999 99.99999 9.99999 -0.38790 0.03675 0.0007756 1.1607
2461157.4713555 1.11277 0.06683 0.81796 0.06955 -0.29481 0.03742 0.0007756 1.1601
2461157.4714878 99.99999 9.99999 99.99999 9.99999 -0.34289 0.03451 0.0007756 1.1597
2461157.4716215 1.67094 0.10346 1.36567 0.10513 -0.30527 0.03604 0.0007756 1.1594
2461157.4718878 99.99999 9.99999 99.99999 9.99999 -0.46718 0.03408 0.0007756 1.1587
2461157.4721075 1.35913 0.09074 99.99999 9.99999 99.99999 9.99999 0.0007756 1.1581
2461157.4722397 1.46076 0.08920 1.15921 0.09122 -0.30155 0.03642 0.0007756 1.1578
2461157.4723742 1.36270 0.07947 0.99674 0.08225 -0.36597 0.03729 0.0007756 1.1574
2461157.4725070 99.99999 9.99999 99.99999 9.99999 -0.64168 0.03765 0.0007756 1.1571
2461157.4726400 1.37234 0.07920 1.11596 0.08104 -0.25638 0.03489 0.0007756 1.1567
2461157.4728750 99.99999 9.99999 99.99999 9.99999 -0.40736 0.03404 0.0007757 1.1561
2461157.4730073 99.99999 9.99999 99.99999 9.99999 -0.35517 0.03354 0.0007757 1.1558
2461157.4731422 1.60534 0.08798 1.21451 0.08997 -0.39083 0.03332 0.0007757 1.1554
2461157.4732755 99.99999 9.99999 1.11969 0.07553 99.99999 9.99999 0.0007757 1.1551
2461157.4734094 1.45685 0.08386 99.99999 9.99999 99.99999 9.99999 0.0007757 1.1548
2461157.4736555 99.99999 9.99999 99.99999 9.99999 -0.39971 0.03645 0.0007757 1.1541
2461157.4737877 99.99999 9.99999 1.13068 0.08243 99.99999 9.99999 0.0007757 1.1538
2461157.4739218 1.53309 0.08921 1.30082 0.09078 -0.23228 0.03410 0.0007757 1.1535
2461157.4740552 99.99999 9.99999 1.26338 0.09732 99.99999 9.99999 0.0007757 1.1531
2461157.4741890 1.46191 0.08281 1.15629 0.08509 -0.30562 0.03593 0.0007757 1.1528
2461157.4744375 99.99999 9.99999 99.99999 9.99999 -0.35745 0.03382 0.0007757 1.1522
2461157.4745697 1.21329 0.07491 0.97382 0.07718 -0.23947 0.03918 0.0007757 1.1518
2461157.4747028 1.57330 0.09253 1.20278 0.09492 -0.37052 0.03758 0.0007757 1.1515
2461157.4748363 99.99999 9.99999 99.99999 9.99999 -0.32360 0.03750 0.0007757 1.1512
2461157.4749702 1.34471 0.07879 0.90875 0.08230 -0.43596 0.03896 0.0007757 1.1508
2461157.4752169 99.99999 9.99999 99.99999 9.99999 99.99999 9.99999 0.0007757 1.1502
2461157.4753490 1.28826 0.07604 0.97771 0.07877 -0.31055 0.03863 0.0007757 1.1499
2461157.4754833 99.99999 9.99999 99.99999 9.99999 99.99999 9.99999 0.0007757 1.1495
2461157.4756171 1.19858 0.06867 0.84069 0.07198 -0.35789 0.03811 0.0007757 1.1492
2461157.4757515 99.99999 9.99999 1.15309 0.07717 99.99999 9.99999 0.0007757 1.1489
2461157.4761289 99.99999 9.99999 99.99999 9.99999 -0.38325 0.03478 0.0007757 1.1479
2461157.4762610 1.22931 0.06963 0.76409 0.07377 -0.46522 0.03872 0.0007757 1.1476
2461157.4763941 1.18575 0.06501 0.80364 0.06807 -0.38212 0.03649 0.0007757 1.1473
2461157.4765278 99.99999 9.99999 -1.13799 0.19581 99.99999 9.99999 0.0007757 1.1470
2461157.4767662 99.99999 9.99999 99.99999 9.99999 99.99999 9.99999 0.0007758 1.1464
2461157.4768984 99.99999 9.99999 99.99999 9.99999 -0.17146 0.03542 0.0007758 1.1460
2461157.4770318 1.25673 0.08446 99.99999 9.99999 99.99999 9.99999 0.0007758 1.1457
2461157.4771651 1.41438 0.08334 1.07345 0.08608 -0.34093 0.03741 0.0007758 1.1454
2461157.4772985 99.99999 9.99999 99.99999 9.99999 99.99999 9.99999 0.0007758 1.1451
2461157.4775374 1.45613 0.08610 99.99999 9.99999 99.99999 9.99999 0.0007758 1.1445
2461157.4776698 99.99999 9.99999 99.99999 9.99999 99.99999 9.99999 0.0007758 1.1442
2461157.4778037 99.99999 9.99999 0.95163 0.08518 99.99999 9.99999 0.0007758 1.1438
2461157.4779371 1.38191 0.08330 1.03192 0.08625 -0.34999 0.03972 0.0007758 1.1435
2461157.4780716 1.32505 0.07562 1.03438 0.07782 -0.29067 0.03637 0.0007758 1.1432
2461157.4783185 1.51220 0.08701 1.17665 0.08869 -0.33555 0.03634 0.0007758 1.1426
2461157.4784505 1.17359 0.07210 0.87279 0.07443 -0.30080 0.03839 0.0007758 1.1423
2461157.4785844 99.99999 9.99999 99.99999 9.99999 -0.31999 0.03263 0.0007758 1.1419
2461157.4787176 1.12238 0.06743 0.81723 0.07044 -0.30515 0.03697 0.0007758 1.1416
2461157.4788518 1.39035 0.07409 1.09047 0.07591 -0.29988 0.03215 0.0007758 1.1413
2461157.4790989 99.99999 9.99999 99.99999 9.99999 -0.38338 0.03712 0.0007758 1.1407
2461157.4792315 99.99999 9.99999 99.99999 9.99999 -0.39148 0.03711 0.0007758 1.1404
2461157.4793647 1.42961 0.08253 0.94758 0.08629 -0.48203 0.03945 0.0007758 1.1401
2461157.4794982 1.52087 0.08634 1.10746 0.08907 -0.41342 0.03655 0.0007758 1.1397
2461157.4796328 1.39306 0.07073 0.97707 0.07313 -0.41599 0.03297 0.0007758 1.1394
2461157.4798758 1.33307 0.07500 99.99999 9.99999 99.99999 9.99999 0.0007758 1.1388
2461157.4800080 99.99999 9.99999 1.25563 0.09776 99.99999 9.99999 0.0007758 1.1385
2461157.4801426 1.45572 0.08043 1.10453 0.08263 -0.35119 0.03557 0.0007758 1.1382
2461157.4802767 1.30463 0.07012 1.06218 0.07182 -0.24246 0.03402 0.0007758 1.1379
2461157.4804108 1.35367 0.06482 0.96089 0.06782 -0.39278 0.03287 0.0007758 1.1376
2461157.4806595 1.40287 0.07885 1.16783 0.08033 -0.23505 0.03387 0.0007759 1.1370
2461157.4807916 1.41097 0.07731 99.99999 9.99999 99.99999 9.99999 0.0007759 1.1367
2461157.4809250 1.60728 0.08603 1.23650 0.08828 -0.37078 0.03244 0.0007759 1.1364
2461157.4810593 99.99999 9.99999 99.99999 9.99999 -0.40710 0.03725 0.0007759 1.1360
2461157.4811927 1.67452 0.09109 1.16929 0.09403 -0.50522 0.03536 0.0007759 1.1357
2461157.4814392 1.54604 0.09090 1.23859 0.09286 -0.30745 0.03628 0.0007759 1.1351
2461157.4815713 99.99999 9.99999 99.99999 9.99999 99.99999 9.99999 0.0007759 1.1348
2461157.4817045 1.29952 0.07360 0.88082 0.07680 -0.41870 0.03825 0.0007759 1.1345
2461157.4818378 1.17920 0.08456 0.85431 0.08792 -0.32490 0.04401 0.0007759 1.1342
2461157.4819712 1.16721 0.07167 1.00682 0.07328 -0.16039 0.03594 0.0007759 1.1339
2461157.4822178 1.15878 0.06984 99.99999 9.99999 99.99999 9.99999 0.0007759 1.1333
2461157.4823504 99.99999 9.99999 99.99999 9.99999 -0.44135 0.04045 0.0007759 1.1330
2461157.4826174 1.70917 0.10242 99.99999 9.99999 99.99999 9.99999 0.0007759 1.1324
2461157.4827506 99.99999 9.99999 99.99999 9.99999 -0.44524 0.03726 0.0007759 1.1321
2461157.4829954 99.99999 9.99999 99.99999 9.99999 -0.27146 0.03787 0.0007759 1.1315
2461157.4831276 99.99999 9.99999 99.99999 9.99999 -0.19630 0.03639 0.0007759 1.1312
2461157.4832618 99.99999 9.99999 0.98982 0.08183 99.99999 9.99999 0.0007759 1.1309
2461157.4833964 99.99999 9.99999 99.99999 9.99999 -0.31763 0.03951 0.0007759 1.1306
2461157.4835297 1.48748 0.09942 99.99999 9.99999 99.99999 9.99999 0.0007759 1.1303
2461157.4837684 1.32926 0.07477 0.95807 0.07742 -0.37119 0.03678 0.0007759 1.1298
2461157.4839008 1.50457 0.10001 99.99999 9.99999 99.99999 9.99999 0.0007759 1.1294
2461157.4840349 99.99999 9.99999 99.99999 9.99999 99.99999 9.99999 0.0007759 1.1291
2461157.4841694 1.45585 0.08921 1.14658 0.09108 -0.30926 0.03749 0.0007759 1.1288
2461157.4843027 1.54459 0.09591 99.99999 9.99999 99.99999 9.99999 0.0007759 1.1285
2461157.4845390 99.99999 9.99999 99.99999 9.99999 99.99999 9.99999 0.0007760 1.1280
2461157.4846710 99.99999 9.99999 99.99999 9.99999 99.99999 9.99999 0.0007760 1.1277
2461157.4848054 99.99999 9.99999 0.85696 0.08493 99.99999 9.99999 0.0007760 1.1274
2461157.4849394 1.33176 0.08813 0.96968 0.09143 -0.36208 0.04551 0.0007760 1.1271
2461157.4850736 1.14620 0.07961 0.95473 0.08174 -0.19148 0.04136 0.0007760 1.1268
2461157.4853232 99.99999 9.99999 99.99999 9.99999 99.99999 9.99999 0.0007760 1.1262
2461157.4854554 1.54294 0.09257 1.13865 0.09541 -0.40429 0.03796 0.0007760 1.1259
2461157.4855886 1.29239 0.07671 0.86749 0.08031 -0.42489 0.03972 0.0007760 1.1256
2461157.4857217 1.53299 0.09111 1.20632 0.09331 -0.32667 0.03560 0.0007760 1.1253
2461157.4858562 1.40481 0.08769 1.04623 0.09037 -0.35858 0.03850 0.0007760 1.1250
2461157.4861042 99.99999 9.99999 99.99999 9.99999 99.99999 9.99999 0.0007760 1.1245
2461157.4862369 99.99999 9.99999 99.99999 9.99999 -0.50149 0.03972 0.0007760 1.1242
2461157.4863702 1.49647 0.08944 1.15505 0.09174 -0.34141 0.03776 0.0007760 1.1239
2461157.4865034 1.18430 0.07008 0.86407 0.07309 -0.32023 0.03729 0.0007760 1.1236
2461157.4866366 99.99999 9.99999 0.97716 0.06869 99.99999 9.99999 0.0007760 1.1233
2461157.4868852 1.21620 0.07712 1.01462 0.07858 -0.20157 0.03751 0.0007760 1.1227
2461157.4870175 1.51556 0.07899 1.12390 0.08133 -0.39166 0.03248 0.0007760 1.1224
2461157.4871507 99.99999 9.99999 99.99999 9.99999 -0.37370 0.03883 0.0007760 1.1222
2461157.4872841 99.99999 9.99999 99.99999 9.99999 -0.35092 0.03219 0.0007760 1.1219
2461157.4874181 99.99999 9.99999 99.99999 9.99999 99.99999 9.99999 0.0007760 1.1216
2461157.4876666 1.15698 0.07133 0.76262 0.07510 -0.39435 0.04030 0.0007760 1.1210
2461157.4877999 99.99999 9.99999 99.99999 9.99999 -0.26915 0.03544 0.0007760 1.1207
2461157.4879330 1.38745 0.08424 1.17336 0.08565 -0.21408 0.03438 0.0007760 1.1204
2461157.4880669 1.35544 0.07589 0.92160 0.07935 -0.43383 0.03740 0.0007760 1.1201
2461157.4882004 1.51614 0.08073 1.04232 0.08362 -0.47382 0.03614 0.0007760 1.1199
2461157.4884462 99.99999 9.99999 99.99999 9.99999 99.99999 9.99999 0.0007761 1.1193
2461157.4885788 99.99999 9.99999 99.99999 9.99999 -0.37710 0.03434 0.0007761 1.1190
2461157.4887122 99.99999 9.99999 0.69366 0.07636 99.99999 9.99999 0.0007761 1.1187
2461157.4888458 99.99999 9.99999 99.99999 9.99999 99.99999 9.99999 0.0007761 1.1184
2461157.4892272 1.22847 0.07491 1.04300 0.07625 -0.18547 0.03505 0.0007761 1.1176
2461157.4893595 99.99999 9.99999 1.03551 0.08998 99.99999 9.99999 0.0007761 1.1173
2461157.4894927 99.99999 9.99999 99.99999 9.99999 99.99999 9.99999 0.0007761 1.1171
2461157.4896255 99.99999 9.99999 99.99999 9.99999 99.99999 9.99999 0.0007761 1.1168
2461157.4897607 1.63837 0.10538 1.27111 0.10754 -0.36726 0.03953 0.0007761 1.1165
2461157.4900065 99.99999 9.99999 99.99999 9.99999 99.99999 9.99999 0.0007761 1.1159
2461157.4901385 99.99999 9.99999 99.99999 9.99999 99.99999 9.99999 0.0007761 1.1157
2461157.4902716 1.38327 0.07918 99.99999 9.99999 99.99999 9.99999 0.0007761 1.1154
2461157.4904058 99.99999 9.99999 99.99999 9.99999 -0.46752 0.03737 0.0007761 1.1151
2461157.4905406 1.20829 0.07286 0.93550 0.07464 -0.27279 0.03806 0.0007761 1.1148
2461157.4907794 99.99999 9.99999 0.85041 0.06706 99.99999 9.99999 0.0007761 1.1143
2461157.4909120 1.29535 0.08078 99.99999 9.99999 99.99999 9.99999 0.0007761 1.1140
2461157.4910450 1.42982 0.08165 1.15048 0.08371 -0.27933 0.03395 0.0007761 1.1137
2461157.4911787 1.29864 0.06581 99.99999 9.99999 99.99999 9.99999 0.0007761 1.1135
2461157.4913119 99.99999 9.99999 99.99999 9.99999 -0.28083 0.03427 0.0007761 1.1132
2461157.4915588 99.99999 9.99999 99.99999 9.99999 99.99999 9.99999 0.0007761 1.1127
2461157.4916916 99.99999 9.99999 99.99999 9.99999 99.99999 9.99999 0.0007761 1.1124
2461157.4918249 1.42286 0.07890 99.99999 9.99999 99.99999 9.99999 0.0007761 1.1121
2461157.4919583 99.99999 9.99999 99.99999 9.99999 99.99999 9.99999 0.0007761 1.1118
2461157.4920937 99.99999 9.99999 99.99999 9.99999 99.99999 9.99999 0.0007761 1.1115
2461157.4923386 99.99999 9.99999 1.05631 0.07478 99.99999 9.99999 0.0007761 1.1110
2461157.4924710 1.23488 0.06695 0.89696 0.06961 -0.33792 0.03505 0.0007762 1.1107
2461157.4926042 99.99999 9.99999 0.93130 0.07369 99.99999 9.99999 0.0007762 1.1105
2461157.4928718 99.99999 9.99999 99.99999 9.99999 99.99999 9.99999 0.0007762 1.1099
2461157.4930044 1.20126 0.06898 0.90637 0.07143 -0.29489 0.03579 0.0007762 1.1096
2461157.4932369 99.99999 9.99999 0.98100 0.07157 99.99999 9.99999 0.0007762 1.1092
2461157.4933692 1.07753 0.05482 0.87888 0.05616 -0.19865 0.02972 0.0007762 1.1089
2461157.4935022 1.08826 0.06244 0.84539 0.06513 -0.24287 0.03532 0.0007762 1.1086
2461157.4936359 99.99999 9.99999 99.99999 9.99999 -0.35578 0.03031 0.0007762 1.1083
2461157.4937693 1.29466 0.06245 0.93997 0.06500 -0.35469 0.03124 0.0007762 1.1081
2461157.4940112 99.99999 9.99999 99.99999 9.99999 -0.46954 0.03291 0.0007762 1.1076
2461157.4941433 1.26839 0.06543 1.03515 0.06727 -0.23324 0.03167 0.0007762 1.1073
2461157.4942769 1.24161 0.06778 0.97634 0.06934 -0.26527 0.03311 0.0007762 1.1070
2461157.4944106 1.35791 0.06243 1.00886 0.06451 -0.34904 0.02928 0.0007762 1.1068
2461157.4945444 99.99999 9.99999 99.99999 9.99999 -0.24989 0.03062 0.0007762 1.1065
2461157.4947899 99.99999 9.99999 99.99999 9.99999 99.99999 9.99999 0.0007762 1.1060
2461157.4949223 99.99999 9.99999 99.99999 9.99999 99.99999 9.99999 0.0007762 1.1057
2461157.4950556 99.99999 9.99999 99.99999 9.99999 99.99999 9.99999 0.0007762 1.1054
2461157.4951898 1.29317 0.06931 99.99999 9.99999 99.99999 9.99999 0.0007762 1.1052
2461157.4953234 99.99999 9.99999 99.99999 9.99999 99.99999 9.99999 0.0007762 1.1049
2461157.4955723 1.07655 0.06316 99.99999 9.99999 99.99999 9.99999 0.0007762 1.1044
2461157.4957043 99.99999 9.99999 0.76997 0.06367 99.99999 9.99999 0.0007762 1.1041
2461157.4958373 1.37298 0.05984 0.76584 0.06502 -0.60714 0.03569 0.0007762 1.1039
2461157.4959705 1.02690 0.06119 99.99999 9.99999 99.99999 9.99999 0.0007762 1.1036
2461157.4961047 99.99999 9.99999 99.99999 9.99999 -0.36191 0.03430 0.0007762 1.1033
2461157.4963435 99.99999 9.99999 99.99999 9.99999 99.99999 9.99999 0.0007763 1.1029
2461157.4964759 99.99999 9.99999 0.89753 0.06322 99.99999 9.99999 0.0007763 1.1026
2461157.4966105 99.99999 9.99999 99.99999 9.99999 99.99999 9.99999 0.0007763 1.1023
2461157.4967451 99.99999 9.99999 99.99999 9.99999 -0.32790 0.03363 0.0007763 1.1021
2461157.4968790 99.99999 9.99999 0.97175 0.07465 99.99999 9.99999 0.0007763 1.1018
2461157.4972570 1.00441 0.05908 0.73579 0.06153 -0.26863 0.03595 0.0007763 1.1010
2461157.4973893 1.05316 0.05556 0.78602 0.05776 -0.26714 0.03273 0.0007763 1.1008
2461157.4975222 99.99999 9.99999 99.99999 9.99999 99.99999 9.99999 0.0007763 1.1005
2461157.4976573 1.16565 0.05732 0.81614 0.05959 -0.34951 0.03085 0.0007763 1.1003
2461157.4978815 99.99999 9.99999 0.98241 0.07466 99.99999 9.99999 0.0007763 1.0998
2461157.4980145 99.99999 9.99999 99.99999 9.99999 99.99999 9.99999 0.0007763 1.0996
2461157.4982806 1.30083 0.06908 99.99999 9.99999 99.99999 9.99999 0.0007763 1.0990
2461157.4984149 1.19085 0.07050 99.99999 9.99999 99.99999 9.99999 0.0007763 1.0988
2461157.4986532 1.26159 0.06248 0.97973 0.06425 -0.28187 0.03067 0.0007763 1.0983
2461157.4987859 1.42246 0.06666 0.90803 0.06963 -0.51444 0.03156 0.0007763 1.0981
2461157.4989189 99.99999 9.99999 1.05401 0.07657 99.99999 9.99999 0.0007763 1.0978
2461157.4990520 99.99999 9.99999 99.99999 9.99999 -0.44052 0.03182 0.0007763 1.0975
2461157.4991856 99.99999 9.99999 99.99999 9.99999 99.99999 9.99999 0.0007763 1.0973
2461157.4994209 1.17727 0.05092 0.71492 0.05438 -0.46234 0.03043 0.0007763 1.0968
2461157.4995532 1.10044 0.05710 0.86366 0.05878 -0.23678 0.03174 0.0007763 1.0966
2461157.4996872 1.18862 0.05643 0.92723 0.05828 -0.26139 0.02907 0.0007763 1.0963
2461157.4998206 99.99999 9.99999 0.90666 0.06540 99.99999 9.99999 0.0007763 1.0961
2461157.4999550 1.12004 0.05136 0.70085 0.05408 -0.41919 0.03004 0.0007763 1.0958
2461157.5002041 1.30693 0.06705 99.99999 9.99999 99.99999 9.99999 0.0007764 1.0953
2461157.5003363 1.34148 0.06126 0.90613 0.06420 -0.43535 0.03109 0.0007764 1.0951
2461157.5004697 99.99999 9.99999 99.99999 9.99999 -0.19945 0.03057 0.0007764 1.0948
2461157.5006037 99.99999 9.99999 99.99999 9.99999 -0.23939 0.02864 0.0007764 1.0946
2461157.5007369 1.02870 0.04616 0.61410 0.04936 -0.41460 0.02996 0.0007764 1.0943
2461157.5009828 1.38723 0.06022 0.89586 0.06326 -0.49137 0.03035 0.0007764 1.0938
2461157.5011155 1.18477 0.05510 0.92303 0.05709 -0.26174 0.02875 0.0007764 1.0936
2461157.5012484 99.99999 9.99999 99.99999 9.99999 -0.27539 0.03138 0.0007764 1.0933
2461157.5013813 99.99999 9.99999 99.99999 9.99999 -0.32558 0.02967 0.0007764 1.0931
2461157.5015155 1.54132 0.06797 0.99689 0.07088 -0.54443 0.02995 0.0007764 1.0928
2461157.5017625 1.34247 0.06420 1.01114 0.06619 -0.33133 0.03055 0.0007764 1.0924
2461157.5020281 1.17435 0.05908 0.66054 0.06391 -0.51381 0.03627 0.0007764 1.0919
2461157.5021604 1.42433 0.06814 0.89108 0.07170 -0.53326 0.03386 0.0007764 1.0916
2461157.5022930 1.13358 0.06098 99.99999 9.99999 99.99999 9.99999 0.0007764 1.0914
2461157.5025287 1.20866 0.05826 0.91241 0.06049 -0.29625 0.03086 0.0007764 1.0909
2461157.5027956 1.42441 0.06589 0.99577 0.06843 -0.42864 0.02984 0.0007764 1.0905
2461157.5029277 1.16559 0.05644 0.85802 0.05897 -0.30757 0.03062 0.0007764 1.0902
2461157.5030604 99.99999 9.99999 99.99999 9.99999 -0.35064 0.03248 0.0007764 1.0900
2461157.5031941 1.19104 0.06326 1.03444 0.06429 -0.15660 0.03030 0.0007764 1.0897
2461157.5034348 1.21004 0.05552 0.72932 0.06008 -0.48072 0.03345 0.0007764 1.0893
2461157.5035674 99.99999 9.99999 0.59844 0.05180 99.99999 9.99999 0.0007764 1.0890
2461157.5037016 1.13319 0.05822 0.82349 0.06010 -0.30969 0.03088 0.0007764 1.0888
2461157.5038354 99.99999 9.99999 0.97264 0.05972 99.99999 9.99999 0.0007764 1.0885
2461157.5039695 1.20091 0.06186 0.94804 0.06378 -0.25287 0.03240 0.0007764 1.0883
2461157.5042180 1.08689 0.05187 0.70203 0.05507 -0.38486 0.03189 0.0007765 1.0878
2461157.5043503 1.06931 0.05604 0.74076 0.05902 -0.32855 0.03319 0.0007765 1.0876
2461157.5044833 99.99999 9.99999 99.99999 9.99999 99.99999 9.99999 0.0007765 1.0874
2461157.5046165 1.17263 0.06525 99.99999 9.99999 99.99999 9.99999 0.0007765 1.0871
2461157.5047506 1.14662 0.05536 0.64932 0.05967 -0.49730 0.03370 0.0007765 1.0869
2461157.5049983 1.28155 0.06100 0.90906 0.06386 -0.37249 0.03307 0.0007765 1.0864
2461157.5051305 1.06626 0.05266 0.64485 0.05626 -0.42141 0.03318 0.0007765 1.0862
2461157.5052638 1.07059 0.05584 0.75301 0.05859 -0.31758 0.03195 0.0007765 1.0860
2461157.5053978 99.99999 9.99999 0.91974 0.06723 99.99999 9.99999 0.0007765 1.0857
2461157.5055328 1.28027 0.06021 0.79513 0.06399 -0.48514 0.03411 0.0007765 1.0855
2461157.5057787 1.01137 0.05237 0.59609 0.05616 -0.41528 0.03499 0.0007765 1.0850
2461157.5059108 99.99999 9.99999 99.99999 9.99999 -0.41663 0.03235 0.0007765 1.0848
2461157.5060451 0.94600 0.05429 99.99999 9.99999 99.99999 9.99999 0.0007765 1.0846
2461157.5061784 99.99999 9.99999 0.82564 0.06240 99.99999 9.99999 0.0007765 1.0843
2461157.5063124 1.13127 0.05505 0.64150 0.05910 -0.48978 0.03381 0.0007765 1.0841
2461157.5065517 1.01600 0.04816 0.52114 0.05278 -0.49486 0.03275 0.0007765 1.0837
2461157.5066844 99.99999 9.99999 99.99999 9.99999 99.99999 9.99999 0.0007765 1.0834
2461157.5068182 1.08351 0.04981 0.69457 0.05306 -0.38893 0.03014 0.0007765 1.0832
2461157.5069515 1.21790 0.05354 0.76641 0.05638 -0.45149 0.02991 0.0007765 1.0829
2461157.5070843 1.02845 0.04851 0.68424 0.05102 -0.34420 0.02962 0.0007765 1.0827
2461157.5073313 1.11496 0.05133 0.77235 0.05375 -0.34261 0.02967 0.0007765 1.0823
2461157.5074640 1.20192 0.05710 0.99827 0.05846 -0.20366 0.02837 0.0007765 1.0820
2461157.5075969 1.14532 0.05206 0.75258 0.05541 -0.39275 0.03204 0.0007765 1.0818
2461157.5077317 1.30038 0.05716 0.97402 0.05886 -0.32636 0.02799 0.0007765 1.0816
2461157.5078655 1.06411 0.04987 0.73094 0.05268 -0.33317 0.03005 0.0007765 1.0813
2461157.5080950 1.17405 0.05701 0.78565 0.05966 -0.38841 0.03162 0.0007766 1.0809
2461157.5082269 1.03724 0.04768 0.73068 0.04976 -0.30656 0.02866 0.0007766 1.0807
2461157.5083617 1.10423 0.05189 0.67056 0.05502 -0.43367 0.03148 0.0007766 1.0805
2461157.5084958 1.19873 0.05166 0.84615 0.05427 -0.35258 0.02868 0.0007766 1.0803
2461157.5086296 1.26857 0.05998 0.94407 0.06202 -0.32450 0.03008 0.0007766 1.0800
2461157.5088619 99.99999 9.99999 99.99999 9.99999 99.99999 9.99999 0.0007766 1.0796
2461157.5089939 1.14278 0.05749 0.69073 0.06132 -0.45205 0.03397 0.0007766 1.0794
2461157.5091280 0.86355 0.04997 0.64859 0.05199 -0.21496 0.03158 0.0007766 1.0792
2461157.5092614 1.07630 0.05204 99.99999 9.99999 99.99999 9.99999 0.0007766 1.0789
2461157.5093955 1.25998 0.06208 0.89383 0.06504 -0.36615 0.03195 0.0007766 1.0787
2461157.5096401 0.98588 0.05466 0.67674 0.05746 -0.30914 0.03348 0.0007766 1.0783
2461157.5097729 0.95992 0.05082 99.99999 9.99999 99.99999 9.99999 0.0007766 1.0781
2461157.5099074 99.99999 9.99999 99.99999 9.99999 -0.45713 0.03230 0.0007766 1.0778
2461157.5100405 99.99999 9.99999 99.99999 9.99999 99.99999 9.99999 0.0007766 1.0776
2461157.5101748 1.19904 0.05755 0.74338 0.06125 -0.45566 0.03369 0.0007766 1.0774
2461157.5104078 1.17354 0.05829 0.93890 0.05976 -0.23464 0.03004 0.0007766 1.0770
2461157.5105403 1.03385 0.05078 99.99999 9.99999 99.99999 9.99999 0.0007766 1.0768
2461157.5108079 99.99999 9.99999 99.99999 9.99999 -0.19964 0.02755 0.0007766 1.0763
2461157.5109405 1.21771 0.06362 0.75273 0.06733 -0.46498 0.03609 0.0007766 1.0761
2461157.5110747 1.10259 0.05226 99.99999 9.99999 99.99999 9.99999 0.0007766 1.0759
2461157.5113156 99.99999 9.99999 99.99999 9.99999 -0.28616 0.03198 0.0007766 1.0755
2461157.5114477 0.95101 0.05743 0.74359 0.05933 -0.20741 0.03514 0.0007766 1.0752
2461157.5117162 99.99999 9.99999 99.99999 9.99999 99.99999 9.99999 0.0007766 1.0748
2461157.5118500 99.99999 9.99999 0.53912 0.05295 99.99999 9.99999 0.0007766 1.0746
2461157.5120895 99.99999 9.99999 99.99999 9.99999 99.99999 9.99999 0.0007767 1.0742
2461157.5122226 1.13698 0.05519 99.99999 9.99999 99.99999 9.99999 0.0007767 1.0740
2461157.5123556 1.35604 0.05636 0.90256 0.05931 -0.45348 0.02923 0.0007767 1.0737
2461157.5124888 1.16792 0.05783 99.99999 9.99999 99.99999 9.99999 0.0007767 1.0735
2461157.5126232 99.99999 9.99999 99.99999 9.99999 99.99999 9.99999 0.0007767 1.0733
2461157.5128676 99.99999 9.99999 99.99999 9.99999 -0.36414 0.03429 0.0007767 1.0729
2461157.5129995 99.99999 9.99999 99.99999 9.99999 99.99999 9.99999 0.0007767 1.0727
2461157.5131335 1.28349 0.05679 0.75785 0.06075 -0.52564 0.03264 0.0007767 1.0725
2461157.5132677 99.99999 9.99999 99.99999 9.99999 -0.49620 0.03326 0.0007767 1.0722
2461157.5134016 1.08650 0.04887 99.99999 9.99999 99.99999 9.99999 0.0007767 1.0720
2461157.5136387 1.28091 0.05334 0.90763 0.05568 -0.37329 0.02779 0.0007767 1.0716
2461157.5137709 1.34471 0.05981 0.88470 0.06252 -0.46001 0.02986 0.0007767 1.0714
2461157.5139051 1.28687 0.05818 0.80924 0.06137 -0.47763 0.03087 0.0007767 1.0712
2461157.5140389 1.24942 0.05792 0.88379 0.06092 -0.36563 0.03152 0.0007767 1.0710
2461157.5141734 1.01587 0.05229 99.99999 9.99999 99.99999 9.99999 0.0007767 1.0708
2461157.5144200 1.04041 0.05178 0.86299 0.05291 -0.17742 0.02815 0.0007767 1.0704
2461157.5145522 1.13431 0.04887 0.75508 0.05129 -0.37922 0.02823 0.0007767 1.0702
2461157.5146864 1.25465 0.05769 0.80097 0.06137 -0.45367 0.03256 0.0007767 1.0699
2461157.5148199 1.25964 0.05724 0.90791 0.05930 -0.35174 0.02863 0.0007767 1.0697
2461157.5149536 1.15441 0.04775 0.61849 0.05160 -0.53592 0.02973 0.0007767 1.0695
2461157.5151896 99.99999 9.99999 0.77815 0.05690 99.99999 9.99999 0.0007767 1.0691
2461157.5153219 1.26260 0.05920 0.84381 0.06267 -0.41879 0.03313 0.0007767 1.0689
2461157.5154561 1.33653 0.05421 0.94868 0.05652 -0.38784 0.02672 0.0007767 1.0687
2461157.5155910 1.18565 0.05264 99.99999 9.99999 99.99999 9.99999 0.0007767 1.0685
2461157.5157259 1.14552 0.04552 0.73165 0.04834 -0.41387 0.02754 0.0007767 1.0683
2461157.5159731 1.24803 0.04998 99.99999 9.99999 99.99999 9.99999 0.0007768 1.0679
2461157.5161052 1.04241 0.04353 0.65258 0.04637 -0.38983 0.02751 0.0007768 1.0677
2461157.5162389 99.99999 9.99999 99.99999 9.99999 99.99999 9.99999 0.0007768 1.0675
2461157.5163724 0.95877 0.04606 0.73151 0.04780 -0.22726 0.02880 0.0007768 1.0673
2461157.5165060 99.99999 9.99999 99.99999 9.99999 99.99999 9.99999 0.0007768 1.0671
2461157.5167563 1.15789 0.04745 0.71588 0.05097 -0.44201 0.02947 0.0007768 1.0667
2461157.5168888 1.09708 0.05452 0.71331 0.05748 -0.38377 0.03228 0.0007768 1.0665
2461157.5170221 99.99999 9.99999 99.99999 9.99999 99.99999 9.99999 0.0007768 1.0663
2461157.5171558 1.16051 0.05321 0.80186 0.05560 -0.35865 0.02880 0.0007768 1.0661
2461157.5172890 1.18851 0.05795 0.83100 0.06020 -0.35752 0.02959 0.0007768 1.0658
2461157.5175334 1.11846 0.05840 99.99999 9.99999 99.99999 9.99999 0.0007768 1.0655
2461157.5176656 99.99999 9.99999 99.99999 9.99999 -0.50152 0.03062 0.0007768 1.0653
2461157.5178000 1.24388 0.05867 0.79204 0.06185 -0.45184 0.03237 0.0007768 1.0651
2461157.5179338 1.13224 0.04857 99.99999 9.99999 99.99999 9.99999 0.0007768 1.0649
2461157.5180696 0.98738 0.05258 0.71306 0.05454 -0.27432 0.03179 0.0007768 1.0646
2461157.5183177 99.99999 9.99999 99.99999 9.99999 -0.30408 0.03714 0.0007768 1.0643
2461157.5185829 99.99999 9.99999 99.99999 9.99999 -0.39652 0.03544 0.0007768 1.0639
2461157.5187156 99.99999 9.99999 99.99999 9.99999 99.99999 9.99999 0.0007768 1.0637
2461157.5188489 99.99999 9.99999 99.99999 9.99999 -0.31021 0.03758 0.0007768 1.0635
2461157.5189824 1.03275 0.06009 0.73202 0.06264 -0.30073 0.03655 0.0007768 1.0633
2461157.5192154 1.09456 0.06793 0.76759 0.07135 -0.32696 0.03820 0.0007768 1.0629
2461157.5194816 1.07037 0.06244 99.99999 9.99999 99.99999 9.99999 0.0007768 1.0625
2461157.5196140 99.99999 9.99999 99.99999 9.99999 -0.16162 0.03724 0.0007768 1.0623
2461157.5197478 1.22011 0.08812 1.00551 0.08958 -0.21460 0.04223 0.0007768 1.0621
2461157.5198820 99.99999 9.99999 99.99999 9.99999 99.99999 9.99999 0.0007769 1.0619
2461157.5201096 1.17573 0.07766 0.93560 0.08020 -0.24013 0.03952 0.0007769 1.0616
2461157.5202417 1.23666 0.07057 0.93924 0.07288 -0.29742 0.03532 0.0007769 1.0614
2461157.5203761 99.99999 9.99999 99.99999 9.99999 -0.35565 0.04156 0.0007769 1.0612
2461157.5205101 99.99999 9.99999 0.70283 0.07681 99.99999 9.99999 0.0007769 1.0610
2461157.5206442 99.99999 9.99999 99.99999 9.99999 -0.36836 0.04232 0.0007769 1.0608
2461157.5208932 1.27070 0.06553 0.82071 0.06932 -0.44999 0.03560 0.0007769 1.0604
2461157.5210254 99.99999 9.99999 99.99999 9.99999 -0.30934 0.03734 0.0007769 1.0602
2461157.5211588 1.30265 0.07352 0.87417 0.07776 -0.42848 0.03902 0.0007769 1.0600
2461157.5212919 99.99999 9.99999 99.99999 9.99999 -0.34470 0.03332 0.0007769 1.0598
2461157.5214261 1.28438 0.06360 0.94484 0.06583 -0.33954 0.03312 0.0007769 1.0596
2461157.5216733 1.13968 0.06331 0.86855 0.06546 -0.27113 0.03367 0.0007769 1.0593
2461157.5218057 1.08214 0.06143 0.79993 0.06374 -0.28221 0.03499 0.0007769 1.0591
2461157.5219389 1.23419 0.06903 0.78378 0.07281 -0.45040 0.03760 0.0007769 1.0589
2461157.5220720 99.99999 9.99999 99.99999 9.99999 -0.33715 0.04000 0.0007769 1.0587
2461157.5222052 1.13975 0.06849 0.71465 0.07297 -0.42511 0.04169 0.0007769 1.0585
2461157.5224526 99.99999 9.99999 99.99999 9.99999 -0.22607 0.04407 0.0007769 1.0581
2461157.5227181 99.99999 9.99999 99.99999 9.99999 -0.29722 0.03941 0.0007769 1.0577
2461157.5228518 1.24502 0.08678 0.84707 0.09053 -0.39795 0.04565 0.0007769 1.0575
2461157.5229848 99.99999 9.99999 99.99999 9.99999 -0.38208 0.03848 0.0007769 1.0574
2461157.5232208 1.21754 0.07473 0.92562 0.07731 -0.29191 0.03829 0.0007769 1.0570
2461157.5233532 1.33072 0.07937 0.98172 0.08192 -0.34900 0.03770 0.0007769 1.0568
2461157.5234871 99.99999 9.99999 99.99999 9.99999 99.99999 9.99999 0.0007769 1.0566
2461157.5236207 99.99999 9.99999 99.99999 9.99999 -0.34952 0.04470 0.0007769 1.0564
2461157.5237553 1.03285 0.08740 0.70461 0.09208 -0.32824 0.05451 0.0007770 1.0563
2461157.5240033 1.13844 0.09519 0.86313 0.09897 -0.27531 0.05398 0.0007770 1.0559
2461157.5241357 1.22446 0.09945 0.76094 0.10593 -0.46351 0.05763 0.0007770 1.0557
2461157.5242688 99.99999 9.99999 0.80885 0.09892 99.99999 9.99999 0.0007770 1.0555
2461157.5244020 99.99999 9.99999 99.99999 9.99999 99.99999 9.99999 0.0007770 1.0553
2461157.5245356 1.24409 0.09687 0.83416 0.10165 -0.40992 0.05266 0.0007770 1.0552
2461157.5249131 99.99999 9.99999 99.99999 9.99999 -0.34312 0.06015 0.0007770 1.0546
2461157.5250453 99.99999 9.99999 99.99999 9.99999 -0.10768 0.05636 0.0007770 1.0544
2461157.5251781 99.99999 9.99999 99.99999 9.99999 99.99999 9.99999 0.0007770 1.0543
2461157.5253117 1.23136 0.13023 99.99999 9.99999 99.99999 9.99999 0.0007770 1.0541
2461157.5255552 0.99042 0.12057 0.50775 0.13129 -0.48267 0.08541 0.0007770 1.0537
2461157.5256878 1.37982 0.14713 1.14338 0.15049 -0.23643 0.06536 0.0007770 1.0535
2461157.5258217 99.99999 9.99999 99.99999 9.99999 -0.24395 0.07094 0.0007770 1.0534
2461157.5259550 99.99999 9.99999 99.99999 9.99999 99.99999 9.99999 0.0007770 1.0532
2461157.5260884 99.99999 9.99999 99.99999 9.99999 -0.37103 0.06839 0.0007770 1.0530
2461157.5263332 0.95061 0.09790 0.62216 0.10363 -0.32845 0.06231 0.0007770 1.0527
2461157.5264654 99.99999 9.99999 99.99999 9.99999 -0.32376 0.05570 0.0007770 1.0525
2461157.5265985 99.99999 9.99999 0.72189 0.09311 99.99999 9.99999 0.0007770 1.0523
2461157.5267322 99.99999 9.99999 99.99999 9.99999 99.99999 9.99999 0.0007770 1.0521
2461157.5268661 0.96868 0.08519 99.99999 9.99999 99.99999 9.99999 0.0007770 1.0519
2461157.5271125 0.90995 0.07305 0.40957 0.08234 -0.50038 0.05739 0.0007770 1.0516
2461157.5272447 1.29385 0.09193 0.76778 0.09809 -0.52607 0.04987 0.0007770 1.0514
2461157.5273789 0.97938 0.08916 0.67091 0.09403 -0.30847 0.05612 0.0007770 1.0512
2461157.5275128 99.99999 9.99999 99.99999 9.99999 -0.25971 0.05641 0.0007770 1.0511
2461157.5276469 99.99999 9.99999 99.99999 9.99999 -0.55880 0.05829 0.0007771 1.0509
2461157.5278959 99.99999 9.99999 99.99999 9.99999 99.99999 9.99999 0.0007771 1.0505
2461157.5280281 99.99999 9.99999 99.99999 9.99999 -0.31744 0.05796 0.0007771 1.0504
2461157.5281616 1.15370 0.08721 0.74410 0.09181 -0.40960 0.04995 0.0007771 1.0502
2461157.5282949 99.99999 9.99999 99.99999 9.99999 -0.44244 0.04522 0.0007771 1.0500
2461157.5286420 1.49228 0.11629 1.08603 0.12028 -0.40626 0.05070 0.0007771 1.0495
2461157.5289076 99.99999 9.99999 99.99999 9.99999 -0.48788 0.04950 0.0007771 1.0492
2461157.5290402 99.99999 9.99999 99.99999 9.99999 -0.30006 0.04898 0.0007771 1.0490
2461157.5291733 1.10491 0.09113 0.79317 0.09488 -0.31173 0.05172 0.0007771 1.0488
2461157.5293070 99.99999 9.99999 99.99999 9.99999 -0.38149 0.05423 0.0007771 1.0487
2461157.5295468 99.99999 9.99999 1.10202 0.13078 99.99999 9.99999 0.0007771 1.0484
2461157.5296790 99.99999 9.99999 99.99999 9.99999 -0.41863 0.05202 0.0007771 1.0482
2461157.5298127 1.15360 0.08279 0.88434 0.08538 -0.26925 0.04314 0.0007771 1.0480
2461157.5299458 99.99999 9.99999 99.99999 9.99999 -0.35864 0.04179 0.0007771 1.0478
2461157.5300789 1.40539 0.07664 0.90432 0.08027 -0.50107 0.03778 0.0007771 1.0477
2461157.5303249 1.15392 0.06839 0.82738 0.07099 -0.32654 0.03765 0.0007771 1.0473
2461157.5304572 1.16091 0.05636 0.59613 0.06238 -0.56479 0.03837 0.0007771 1.0472
2461157.5305907 1.12705 0.06938 99.99999 9.99999 99.99999 9.99999 0.0007771 1.0470
2461157.5308578 1.05592 0.05660 0.79427 0.05866 -0.26164 0.03339 0.0007771 1.0467
2461157.5310790 99.99999 9.99999 99.99999 9.99999 99.99999 9.99999 0.0007771 1.0464
2461157.5312115 1.26562 0.06256 1.06432 0.06351 -0.20130 0.02994 0.0007771 1.0462
2461157.5313458 1.16929 0.06178 0.83096 0.06469 -0.33833 0.03241 0.0007771 1.0460
2461157.5314791 1.35117 0.06563 0.92729 0.06910 -0.42388 0.03377 0.0007771 1.0459
2461157.5316126 1.01195 0.05753 0.87710 0.05923 -0.13485 0.03245 0.0007772 1.0457
2461157.5318429 1.20496 0.05171 99.99999 9.99999 99.99999 9.99999 0.0007772 1.0454
2461157.5319750 1.01147 0.05342 0.72456 0.05594 -0.28691 0.03145 0.0007772 1.0452
2461157.5321084 99.99999 9.99999 99.99999 9.99999 -0.23821 0.03097 0.0007772 1.0451
2461157.5322422 99.99999 9.99999 99.99999 9.99999 -0.39594 0.02923 0.0007772 1.0449
2461157.5323774 1.39101 0.06439 99.99999 9.99999 99.99999 9.99999 0.0007772 1.0447
2461157.5326044 99.99999 9.99999 99.99999 9.99999 -0.02549 0.03039 0.0007772 1.0444
2461157.5327371 99.99999 9.99999 99.99999 9.99999 -0.28504 0.03054 0.0007772 1.0443
2461157.5328705 99.99999 9.99999 0.83003 0.06405 99.99999 9.99999 0.0007772 1.0441
2461157.5330039 1.27387 0.07483 99.99999 9.99999 99.99999 9.99999 0.0007772 1.0440
2461157.5331382 1.43939 0.07576 1.01916 0.07817 -0.42023 0.03310 0.0007772 1.0438
2461157.5333873 99.99999 9.99999 99.99999 9.99999 99.99999 9.99999 0.0007772 1.0435
2461157.5336539 1.42933 0.06445 0.86899 0.06839 -0.56034 0.03343 0.0007772 1.0431
2461157.5337866 99.99999 9.99999 99.99999 9.99999 -0.24375 0.03082 0.0007772 1.0430
2461157.5341340 99.99999 9.99999 0.86422 0.05665 99.99999 9.99999 0.0007772 1.0426
2461157.5343998 99.99999 9.99999 99.99999 9.99999 -0.36805 0.02866 0.0007772 1.0422
2461157.5345329 99.99999 9.99999 99.99999 9.99999 99.99999 9.99999 0.0007772 1.0421
2461157.5346665 99.99999 9.99999 1.03929 0.05596 99.99999 9.99999 0.0007772 1.0419
2461157.5349142 1.30909 0.05456 0.89329 0.05672 -0.41580 0.02739 0.0007772 1.0416
2461157.5350468 99.99999 9.99999 99.99999 9.99999 99.99999 9.99999 0.0007772 1.0415
2461157.5351802 1.18520 0.05366 0.90077 0.05526 -0.28443 0.02771 0.0007772 1.0413
2461157.5353134 1.07325 0.04685 0.73684 0.04949 -0.33641 0.02830 0.0007772 1.0411
2461157.5354465 1.27699 0.05245 1.00012 0.05374 -0.27686 0.02494 0.0007772 1.0410
2461157.5356933 1.41956 0.05713 1.02904 0.05881 -0.39052 0.02627 0.0007773 1.0407
2461157.5358255 1.33680 0.05665 1.11383 0.05778 -0.22297 0.02574 0.0007773 1.0405
2461157.5359592 99.99999 9.99999 99.99999 9.99999 -0.58420 0.02709 0.0007773 1.0404
2461157.5360925 99.99999 9.99999 0.84178 0.04914 99.99999 9.99999 0.0007773 1.0402
2461157.5362273 99.99999 9.99999 99.99999 9.99999 -0.23377 0.02645 0.0007773 1.0400
2461157.5364747 1.20684 0.05708 0.94971 0.05845 -0.25713 0.02853 0.0007773 1.0398
2461157.5366070 1.55686 0.06796 1.07227 0.07039 -0.48459 0.02891 0.0007773 1.0396
2461157.5367402 1.17539 0.07254 1.02495 0.07326 -0.15044 0.03569 0.0007773 1.0394
2461157.5368734 99.99999 9.99999 99.99999 9.99999 -0.26459 0.03320 0.0007773 1.0393
2461157.5370075 1.35822 0.06921 0.98192 0.07207 -0.37630 0.03328 0.0007773 1.0391
2461157.5372473 1.21323 0.07303 0.92465 0.07572 -0.28857 0.03787 0.0007773 1.0388
2461157.5373795 99.99999 9.99999 99.99999 9.99999 -0.55752 0.04170 0.0007773 1.0387
2461157.5375121 99.99999 9.99999 99.99999 9.99999 99.99999 9.99999 0.0007773 1.0385
2461157.5376452 1.01563 0.08153 0.76179 0.08434 -0.25383 0.04613 0.0007773 1.0384
2461157.5377799 0.99660 0.07660 99.99999 9.99999 99.99999 9.99999 0.0007773 1.0382
2461157.5380256 1.12158 0.06624 99.99999 9.99999 99.99999 9.99999 0.0007773 1.0380
2461157.5381582 99.99999 9.99999 99.99999 9.99999 -0.35929 0.04123 0.0007773 1.0378
2461157.5382922 99.99999 9.99999 0.84157 0.07709 99.99999 9.99999 0.0007773 1.0376
2461157.5385597 99.99999 9.99999 99.99999 9.99999 99.99999 9.99999 0.0007773 1.0373
2461157.5387758 99.99999 9.99999 99.99999 9.99999 -0.43423 0.04021 0.0007773 1.0371
2461157.5390407 99.99999 9.99999 99.99999 9.99999 -0.24218 0.04278 0.0007773 1.0368
2461157.5391733 99.99999 9.99999 99.99999 9.99999 -0.46859 0.03468 0.0007773 1.0366
2461157.5393076 1.28227 0.06431 99.99999 9.99999 99.99999 9.99999 0.0007773 1.0365
2461157.5394412 1.13221 0.05585 0.66482 0.06005 -0.46739 0.03406 0.0007774 1.0363
2461157.5396739 1.17787 0.05952 99.99999 9.99999 99.99999 9.99999 0.0007774 1.0361
2461157.5398063 99.99999 9.99999 99.99999 9.99999 99.99999 9.99999 0.0007774 1.0359
2461157.5399402 1.04312 0.05586 99.99999 9.99999 99.99999 9.99999 0.0007774 1.0358
2461157.5400748 99.99999 9.99999 0.68247 0.06024 99.99999 9.99999 0.0007774 1.0356
2461157.5402094 99.99999 9.99999 99.99999 9.99999 -0.27230 0.03061 0.0007774 1.0355
2461157.5405895 1.08808 0.05068 99.99999 9.99999 99.99999 9.99999 0.0007774 1.0351
2461157.5407217 1.24881 0.06492 0.86542 0.06801 -0.38339 0.03427 0.0007774 1.0349
2461157.5408568 1.09760 0.06126 0.78424 0.06403 -0.31335 0.03490 0.0007774 1.0348
2461157.5412200 0.90771 0.07329 0.79563 0.07402 -0.11208 0.04315 0.0007774 1.0344
2461157.5413525 1.17335 0.07597 99.99999 9.99999 99.99999 9.99999 0.0007774 1.0342
2461157.5417550 99.99999 9.99999 99.99999 9.99999 99.99999 9.99999 0.0007774 1.0338
2461157.5419954 0.86096 0.04819 0.63425 0.05027 -0.22670 0.03262 0.0007774 1.0335
2461157.5421276 0.92792 0.04951 0.57571 0.05257 -0.35221 0.03278 0.0007774 1.0334
2461157.5422606 1.20600 0.04993 0.69684 0.05326 -0.50916 0.02920 0.0007774 1.0333
2461157.5423941 1.13837 0.05082 0.70363 0.05430 -0.43474 0.03049 0.0007774 1.0331
2461157.5425286 1.30329 0.05303 0.84088 0.05568 -0.46241 0.02799 0.0007774 1.0330
2461157.5427758 1.13870 0.04959 99.99999 9.99999 99.99999 9.99999 0.0007774 1.0327
2461157.5429080 99.99999 9.99999 0.87110 0.05385 99.99999 9.99999 0.0007774 1.0326
2461157.5430416 1.45759 0.05926 0.97166 0.06165 -0.48593 0.02701 0.0007774 1.0324
2461157.5433095 99.99999 9.99999 99.99999 9.99999 -0.19684 0.02571 0.0007775 1.0321
2461157.5435545 99.99999 9.99999 99.99999 9.99999 -0.37864 0.02609 0.0007775 1.0319
2461157.5436864 1.26222 0.04930 0.88222 0.05139 -0.38000 0.02613 0.0007775 1.0317
2461157.5438213 1.05160 0.05470 0.78155 0.05669 -0.27005 0.03091 0.0007775 1.0316
2461157.5439544 1.29708 0.06379 1.05531 0.06552 -0.24177 0.02961 0.0007775 1.0315
2461157.5440891 1.39355 0.05886 0.98886 0.06124 -0.40469 0.02847 0.0007775 1.0313
2461157.5443395 1.26681 0.05325 0.85466 0.05578 -0.41215 0.02828 0.0007775 1.0311
2461157.5444717 1.32475 0.05490 0.88264 0.05786 -0.44211 0.02935 0.0007775 1.0309
2461157.5446051 1.20598 0.05584 0.95923 0.05723 -0.24675 0.02809 0.0007775 1.0308
2461157.5447393 99.99999 9.99999 1.00861 0.06109 99.99999 9.99999 0.0007775 1.0307
2461157.5448724 1.29541 0.05250 0.71899 0.05659 -0.57642 0.03030 0.0007775 1.0305
2461157.5451164 1.16302 0.04740 0.68302 0.05062 -0.48000 0.02750 0.0007775 1.0303
2461157.5452485 99.99999 9.99999 0.71922 0.05392 99.99999 9.99999 0.0007775 1.0301
2461157.5453823 99.99999 9.99999 99.99999 9.99999 99.99999 9.99999 0.0007775 1.0300
2461157.5455168 1.33843 0.05532 0.96378 0.05744 -0.37465 0.02740 0.0007775 1.0299
2461157.5456518 1.36447 0.05544 1.02030 0.05725 -0.34417 0.02646 0.0007775 1.0297
2461157.5458979 99.99999 9.99999 99.99999 9.99999 99.99999 9.99999 0.0007775 1.0295
2461157.5460307 99.99999 9.99999 99.99999 9.99999 99.99999 9.99999 0.0007775 1.0293
2461157.5461639 99.99999 9.99999 99.99999 9.99999 99.99999 9.99999 0.0007775 1.0292
2461157.5462972 1.26373 0.05405 0.98891 0.05553 -0.27483 0.02654 0.0007775 1.0291
2461157.5464321 1.14199 0.04745 0.68013 0.05119 -0.46186 0.02916 0.0007775 1.0289
2461157.5466807 99.99999 9.99999 99.99999 9.99999 -0.46089 0.02903 0.0007775 1.0287
2461157.5468134 99.99999 9.99999 99.99999 9.99999 -0.34809 0.02703 0.0007775 1.0286
2461157.5469467 99.99999 9.99999 99.99999 9.99999 -0.26027 0.02668 0.0007775 1.0284
2461157.5470799 99.99999 9.99999 99.99999 9.99999 -0.47146 0.02580 0.0007775 1.0283
2461157.5472129 99.99999 9.99999 0.89569 0.05362 99.99999 9.99999 0.0007775 1.0282
2461157.5474575 99.99999 9.99999 99.99999 9.99999 99.99999 9.99999 0.0007776 1.0279
2461157.5475907 1.44977 0.05388 0.95515 0.05611 -0.49462 0.02543 0.0007776 1.0278
2461157.5478580 99.99999 9.99999 99.99999 9.99999 -0.56092 0.03088 0.0007776 1.0275
2461157.5479918 1.21088 0.04813 0.96454 0.04945 -0.24634 0.02469 0.0007776 1.0274
2461157.5482409 1.21744 0.04749 0.70120 0.05092 -0.51624 0.02860 0.0007776 1.0272
2461157.5483731 1.36396 0.05704 1.00923 0.05903 -0.35473 0.02670 0.0007776 1.0270
2461157.5485061 1.18441 0.05388 0.86115 0.05569 -0.32326 0.02869 0.0007776 1.0269
2461157.5486390 99.99999 9.99999 99.99999 9.99999 99.99999 9.99999 0.0007776 1.0268
2461157.5490208 99.99999 9.99999 99.99999 9.99999 -0.25734 0.03182 0.0007776 1.0264
2461157.5491530 1.41205 0.06314 99.99999 9.99999 99.99999 9.99999 0.0007776 1.0263
2461157.5492866 1.30869 0.05993 0.88166 0.06284 -0.42702 0.03116 0.0007776 1.0262
2461157.5494193 1.28569 0.05578 0.87261 0.05823 -0.41308 0.02852 0.0007776 1.0261
2461157.5495537 99.99999 9.99999 99.99999 9.99999 99.99999 9.99999 0.0007776 1.0259
2461157.5498002 99.99999 9.99999 99.99999 9.99999 -0.45222 0.03167 0.0007776 1.0257
2461157.5499326 99.99999 9.99999 99.99999 9.99999 99.99999 9.99999 0.0007776 1.0256
2461157.5500666 1.15458 0.05990 99.99999 9.99999 99.99999 9.99999 0.0007776 1.0254
2461157.5503359 99.99999 9.99999 99.99999 9.99999 -0.42728 0.03043 0.0007776 1.0252
2461157.5505661 99.99999 9.99999 99.99999 9.99999 -0.18178 0.02877 0.0007776 1.0250
2461157.5506980 99.99999 9.99999 99.99999 9.99999 99.99999 9.99999 0.0007776 1.0249
2461157.5508318 99.99999 9.99999 99.99999 9.99999 -0.22695 0.02929 0.0007776 1.0247
2461157.5509669 99.99999 9.99999 99.99999 9.99999 -0.23115 0.03484 0.0007776 1.0246
2461157.5511001 99.99999 9.99999 99.99999 9.99999 -0.42939 0.03784 0.0007776 1.0245
2461157.5513257 99.99999 9.99999 99.99999 9.99999 -0.29730 0.05810 0.0007777 1.0243
2461157.5514585 99.99999 9.99999 99.99999 9.99999 -0.26097 0.06194 0.0007777 1.0242
2461157.5515917 99.99999 9.99999 99.99999 9.99999 -0.45357 0.06072 0.0007777 1.0241
2461157.5517247 99.99999 9.99999 99.99999 9.99999 99.99999 9.99999 0.0007777 1.0239
2461157.5518587 99.99999 9.99999 99.99999 9.99999 99.99999 9.99999 0.0007777 1.0238
2461157.5520825 1.31959 0.16132 99.99999 9.99999 99.99999 9.99999 0.0007777 1.0236
2461157.5522148 99.99999 9.99999 99.99999 9.99999 -0.44671 0.08221 0.0007777 1.0235
2461157.5523482 99.99999 9.99999 99.99999 9.99999 -0.28337 0.07544 0.0007777 1.0234
2461157.5524814 99.99999 9.99999 99.99999 9.99999 0.02214 0.08945 0.0007777 1.0233
2461157.5526146 99.99999 9.99999 99.99999 9.99999 -0.30600 0.12253 0.0007777 1.0231
2461157.5528212 99.99999 9.99999 99.99999 9.99999 -0.19737 0.10627 0.0007777 1.0230
2461157.5529533 99.99999 9.99999 99.99999 9.99999 -0.22792 0.10357 0.0007777 1.0228
2461157.5530871 99.99999 9.99999 99.99999 9.99999 -0.45827 0.11307 0.0007777 1.0227
2461157.5532205 99.99999 9.99999 99.99999 9.99999 99.99999 9.99999 0.0007777 1.0226
2461157.5533539 99.99999 9.99999 99.99999 9.99999 -0.45749 0.11065 0.0007777 1.0225
2461157.5535948 99.99999 9.99999 99.99999 9.99999 99.99999 9.99999 0.0007777 1.0223
2461157.5537273 99.99999 9.99999 99.99999 9.99999 99.99999 9.99999 0.0007777 1.0222
2461157.5538604 99.99999 9.99999 99.99999 9.99999 99.99999 9.99999 0.0007777 1.0220
2461157.5539946 99.99999 9.99999 99.99999 9.99999 99.99999 9.99999 0.0007777 1.0219
2461157.5541293 99.99999 9.99999 99.99999 9.99999 99.99999 9.99999 0.0007777 1.0218
2461157.5543504 99.99999 9.99999 99.99999 9.99999 99.99999 9.99999 0.0007777 1.0216
2461157.5544827 99.99999 9.99999 99.99999 9.99999 99.99999 9.99999 0.0007777 1.0215
2461157.5546157 99.99999 9.99999 99.99999 9.99999 99.99999 9.99999 0.0007777 1.0214
2461157.5547486 99.99999 9.99999 99.99999 9.99999 99.99999 9.99999 0.0007777 1.0213
2461157.5548829 99.99999 9.99999 99.99999 9.99999 99.99999 9.99999 0.0007777 1.0212
2461157.5551049 99.99999 9.99999 99.99999 9.99999 99.99999 9.99999 0.0007778 1.0210
2461157.5552378 99.99999 9.99999 99.99999 9.99999 99.99999 9.99999 0.0007778 1.0209
2461157.5558442 99.99999 9.99999 99.99999 9.99999 99.99999 9.99999 0.0007778 1.0204
2461157.5569270 99.99999 9.99999 99.99999 9.99999 99.99999 9.99999 0.0007778 1.0195
2461157.5570603 99.99999 9.99999 99.99999 9.99999 99.99999 9.99999 0.0007778 1.0194
2461157.5586713 99.99999 9.99999 99.99999 9.99999 -0.20699 0.04631 0.0007778 1.0181
2461157.5604543 99.99999 9.99999 99.99999 9.99999 99.99999 9.99999 0.0007779 1.0167
2461157.5605863 99.99999 9.99999 99.99999 9.99999 99.99999 9.99999 0.0007779 1.0166
2461157.5607195 99.99999 9.99999 99.99999 9.99999 99.99999 9.99999 0.0007779 1.0165
2461157.5608526 99.99999 9.99999 99.99999 9.99999 99.99999 9.99999 0.0007779 1.0164
2461157.5612178 99.99999 9.99999 99.99999 9.99999 -0.59944 0.08251 0.0007779 1.0162
2461157.5613502 99.99999 9.99999 99.99999 9.99999 -0.31839 0.07205 0.0007779 1.0161
2461157.5628481 99.99999 9.99999 99.99999 9.99999 99.99999 9.99999 0.0007779 1.0150
2461157.5629825 99.99999 9.99999 99.99999 9.99999 99.99999 9.99999 0.0007780 1.0149
2461157.5631158 99.99999 9.99999 99.99999 9.99999 -0.25755 0.07176 0.0007780 1.0148
2461157.5633256 99.99999 9.99999 99.99999 9.99999 -0.21307 0.04791 0.0007780 1.0147
2461157.5637260 99.99999 9.99999 99.99999 9.99999 99.99999 9.99999 0.0007780 1.0144
2461157.5638582 99.99999 9.99999 99.99999 9.99999 99.99999 9.99999 0.0007780 1.0143
2461157.5642290 99.99999 9.99999 99.99999 9.99999 99.99999 9.99999 0.0007780 1.0140
2461157.5643620 99.99999 9.99999 99.99999 9.99999 -0.21203 0.04357 0.0007780 1.0139
2461157.5644950 99.99999 9.99999 99.99999 9.99999 -0.45854 0.04581 0.0007780 1.0139
2461157.5646280 99.99999 9.99999 99.99999 9.99999 -0.15995 0.06901 0.0007780 1.0138
2461157.5648730 99.99999 9.99999 99.99999 9.99999 99.99999 9.99999 0.0007780 1.0136
2461157.5654061 99.99999 9.99999 99.99999 9.99999 -0.70402 0.07246 0.0007780 1.0132
2461157.5657612 99.99999 9.99999 99.99999 9.99999 99.99999 9.99999 0.0007780 1.0130
2461157.5660267 99.99999 9.99999 99.99999 9.99999 99.99999 9.99999 0.0007780 1.0128
2461157.5671034 99.99999 9.99999 99.99999 9.99999 -0.43638 0.10179 0.0007781 1.0121
2461157.5673071 99.99999 9.99999 99.99999 9.99999 99.99999 9.99999 0.0007781 1.0120
2461157.5683091 99.99999 9.99999 99.99999 9.99999 99.99999 9.99999 0.0007781 1.0114
2461157.5689915 99.99999 9.99999 99.99999 9.99999 99.99999 9.99999 0.0007781 1.0110
2461157.5698833 99.99999 9.99999 99.99999 9.99999 99.99999 9.99999 0.0007781 1.0104
2461157.5700169 99.99999 9.99999 99.99999 9.99999 99.99999 9.99999 0.0007781 1.0104
2461157.5740222 99.99999 9.99999 99.99999 9.99999 99.99999 9.99999 0.0007782 1.0082
2461157.5766574 99.99999 9.99999 99.99999 9.99999 99.99999 9.99999 0.0007783 1.0069
2461157.5855854 99.99999 9.99999 99.99999 9.99999 99.99999 9.99999 0.0007785 1.0033
2461157.5911055 99.99999 9.99999 99.99999 9.99999 -0.17324 0.14495 0.0007787 1.0017
2461157.5912385 99.99999 9.99999 99.99999 9.99999 -0.15972 0.18419 0.0007787 1.0017
2461157.5913732 0.93788 0.16999 0.83719 0.17336 -0.10069 0.10232 0.0007787 1.0017
2461157.5915853 99.99999 9.99999 0.37380 0.24599 99.99999 9.99999 0.0007787 1.0016
2461157.5917177 99.99999 9.99999 99.99999 9.99999 -0.40961 0.13267 0.0007787 1.0016
2461157.5918531 99.99999 9.99999 99.99999 9.99999 -0.25139 0.12482 0.0007787 1.0016
2461157.5919874 99.99999 9.99999 99.99999 9.99999 99.99999 9.99999 0.0007787 1.0015
2461157.5921213 99.99999 9.99999 99.99999 9.99999 99.99999 9.99999 0.0007787 1.0015
2461157.5927235 0.71443 0.17406 0.45679 0.18088 -0.25765 0.14127 0.0007787 1.0014
2461157.5928558 99.99999 9.99999 99.99999 9.99999 -0.26965 0.15682 0.0007787 1.0014
2461157.5930625 99.99999 9.99999 99.99999 9.99999 -0.27280 0.10386 0.0007787 1.0013
2461157.5934609 0.45906 0.16208 99.99999 9.99999 99.99999 9.99999 0.0007787 1.0012
2461157.5940100 99.99999 9.99999 99.99999 9.99999 -0.13870 0.12923 0.0007787 1.0011
2461157.5941427 99.99999 9.99999 99.99999 9.99999 -0.15775 0.12774 0.0007787 1.0011
2461157.5959947 99.99999 9.99999 99.99999 9.99999 -0.05725 0.10329 0.0007788 1.0008
2461157.5961984 99.99999 9.99999 99.99999 9.99999 -0.09233 0.09876 0.0007788 1.0008
2461157.5967283 99.99999 9.99999 99.99999 9.99999 99.99999 9.99999 0.0007788 1.0007
2461157.5970645 99.99999 9.99999 99.99999 9.99999 99.99999 9.99999 0.0007788 1.0006
2461157.5971966 99.99999 9.99999 99.99999 9.99999 99.99999 9.99999 0.0007788 1.0006
2461157.5977445 99.99999 9.99999 99.99999 9.99999 -0.18941 0.07466 0.0007788 1.0005
2461157.5978768 0.81671 0.11035 0.65743 0.11492 -0.15929 0.07021 0.0007788 1.0005
2461157.5990140 99.99999 9.99999 99.99999 9.99999 -0.05913 0.06717 0.0007789 1.0004
2461157.5993463 99.99999 9.99999 99.99999 9.99999 99.99999 9.99999 0.0007789 1.0004
2461157.5994784 99.99999 9.99999 99.99999 9.99999 99.99999 9.99999 0.0007789 1.0003
