JDHEL V-C s1 V-K1 s2 C-K1 s3 HELCOR AIRMASS
Aperture: 4, Filter: IRCUT, JD: heliocentric
2461154.4244080 1.10782 0.05578 0.75863 0.05863 -0.34919 0.03218 0.0006938 1.3501
2461154.4246523 99.99999 9.99999 99.99999 9.99999 -0.28562 0.03218 0.0006938 1.3490
2461154.4248963 1.25668 0.06372 0.91870 0.06568 -0.33797 0.03170 0.0006938 1.3479
2461154.4251420 1.27247 0.06821 0.89600 0.07082 -0.37646 0.03493 0.0006938 1.3469
2461154.4253860 1.21584 0.06013 0.94865 0.06196 -0.26719 0.03194 0.0006938 1.3458
2461154.4257125 1.08134 0.05973 0.88571 0.06112 -0.19564 0.03193 0.0006938 1.3444
2461154.4259566 1.07656 0.05364 0.75186 0.05687 -0.32471 0.03271 0.0006938 1.3433
2461154.4262008 99.99999 9.99999 99.99999 9.99999 -0.31075 0.03323 0.0006938 1.3423
2461154.4264450 1.30728 0.06886 0.95218 0.07122 -0.35510 0.03435 0.0006938 1.3412
2461154.4266892 1.27522 0.06673 0.88838 0.06942 -0.38684 0.03374 0.0006938 1.3402
2461154.4270174 1.27798 0.08131 0.94382 0.08382 -0.33416 0.03928 0.0006938 1.3388
2461154.4272622 1.25464 0.06354 0.88525 0.06614 -0.36939 0.03197 0.0006938 1.3377
2461154.4275064 1.08880 0.05741 0.79603 0.06026 -0.29277 0.03306 0.0006939 1.3367
2461154.4277505 1.29573 0.06383 0.95428 0.06616 -0.34146 0.03044 0.0006939 1.3357
2461154.4279948 1.27407 0.06100 0.84062 0.06407 -0.43345 0.03292 0.0006939 1.3346
2461154.4283254 1.20458 0.06031 0.83602 0.06274 -0.36856 0.03178 0.0006939 1.3332
2461154.4285697 1.27794 0.06383 0.84111 0.06699 -0.43683 0.03313 0.0006939 1.3322
2461154.4288140 1.23728 0.06373 0.89961 0.06629 -0.33767 0.03339 0.0006939 1.3312
2461154.4290579 1.44506 0.07489 1.08174 0.07737 -0.36332 0.03293 0.0006939 1.3301
2461154.4293021 1.21967 0.06168 0.85627 0.06413 -0.36340 0.03013 0.0006939 1.3291
2461154.4296297 1.32233 0.06247 0.94643 0.06452 -0.37590 0.02977 0.0006939 1.3277
2461154.4298747 1.39909 0.06971 1.03509 0.07208 -0.36399 0.03184 0.0006939 1.3267
2461154.4301190 1.24769 0.06732 0.95029 0.06920 -0.29740 0.03294 0.0006939 1.3257
2461154.4303629 1.19592 0.05886 0.79578 0.06189 -0.40015 0.03197 0.0006939 1.3247
2461154.4306072 1.34439 0.06736 0.98941 0.06977 -0.35498 0.03176 0.0006939 1.3237
2461154.4309342 1.33642 0.07150 1.01986 0.07357 -0.31657 0.03226 0.0006939 1.3223
2461154.4311789 1.30717 0.06906 0.98760 0.07130 -0.31957 0.03265 0.0006940 1.3213
2461154.4314229 1.30578 0.06577 0.84565 0.06923 -0.46012 0.03347 0.0006940 1.3203
2461154.4316670 1.15639 0.06506 99.99999 9.99999 99.99999 9.99999 0.0006940 1.3193
2461154.4319113 99.99999 9.99999 99.99999 9.99999 -0.37328 0.03088 0.0006940 1.3183
2461154.4322387 1.10822 0.05774 0.83758 0.06001 -0.27063 0.03289 0.0006940 1.3170
2461154.4324831 1.07725 0.05463 0.77509 0.05707 -0.30216 0.03120 0.0006940 1.3160
2461154.4327273 1.29207 0.06143 0.97771 0.06332 -0.31436 0.02991 0.0006940 1.3150
2461154.4329718 1.29766 0.06432 0.93336 0.06679 -0.36430 0.03150 0.0006940 1.3140
2461154.4332164 99.99999 9.99999 99.99999 9.99999 -0.31502 0.03320 0.0006940 1.3130
2461154.4335463 1.35413 0.07833 1.14824 0.07951 -0.20589 0.03172 0.0006940 1.3117
2461154.4337903 1.21262 0.06225 0.79298 0.06546 -0.41964 0.03341 0.0006940 1.3107
2461154.4340346 1.54201 0.08199 1.25711 0.08320 -0.28489 0.03130 0.0006940 1.3097
2461154.4342793 1.43623 0.07417 1.16545 0.07555 -0.27078 0.02961 0.0006940 1.3087
2461154.4345235 1.34473 0.06609 0.97557 0.06809 -0.36916 0.03068 0.0006940 1.3078
2461154.4348492 1.32601 0.07020 0.96819 0.07303 -0.35782 0.03445 0.0006940 1.3065
2461154.4350936 1.31414 0.06652 1.03227 0.06839 -0.28187 0.03096 0.0006941 1.3055
2461154.4353378 1.40760 0.07079 1.07915 0.07259 -0.32845 0.03084 0.0006941 1.3045
2461154.4355818 1.32558 0.06121 0.85538 0.06476 -0.47020 0.03258 0.0006941 1.3035
2461154.4358261 1.41944 0.06929 1.08046 0.07116 -0.33899 0.03038 0.0006941 1.3026
2461154.4361533 1.18346 0.05952 0.88818 0.06158 -0.29527 0.03235 0.0006941 1.3013
2461154.4363977 1.31115 0.06733 1.05998 0.06911 -0.25117 0.03151 0.0006941 1.3003
2461154.4366420 1.32599 0.06458 0.93027 0.06717 -0.39573 0.03151 0.0006941 1.2994
2461154.4368862 1.29730 0.06470 1.00258 0.06698 -0.29472 0.03106 0.0006941 1.2984
2461154.4371304 1.37053 0.07168 1.10440 0.07324 -0.26613 0.03102 0.0006941 1.2975
2461154.4374594 1.30277 0.06423 0.94111 0.06688 -0.36166 0.03119 0.0006941 1.2962
2461154.4377039 99.99999 9.99999 99.99999 9.99999 99.99999 9.99999 0.0006941 1.2952
2461154.4379487 99.99999 9.99999 99.99999 9.99999 -0.32802 0.03041 0.0006941 1.2943
2461154.4381931 1.35435 0.06525 1.06428 0.06713 -0.29007 0.03001 0.0006941 1.2933
2461154.4384372 1.30275 0.06796 0.96222 0.07016 -0.34053 0.03294 0.0006941 1.2924
2461154.4387655 99.99999 9.99999 0.91438 0.06488 99.99999 9.99999 0.0006942 1.2911
2461154.4390102 1.32948 0.06228 0.99665 0.06436 -0.33283 0.03017 0.0006942 1.2902
2461154.4392548 1.33989 0.06477 1.03357 0.06648 -0.30632 0.02944 0.0006942 1.2892
2461154.4394990 1.36678 0.06659 1.06373 0.06830 -0.30304 0.02967 0.0006942 1.2883
2461154.4397433 99.99999 9.99999 99.99999 9.99999 -0.30197 0.03060 0.0006942 1.2874
2461154.4405596 1.30187 0.06926 0.99532 0.07122 -0.30655 0.03264 0.0006942 1.2843
2461154.4408036 1.23008 0.06200 0.96115 0.06362 -0.26893 0.03024 0.0006942 1.2834
2461154.4410480 1.34970 0.06766 1.02757 0.06970 -0.32213 0.03134 0.0006942 1.2824
2461154.4413757 1.32103 0.06365 1.01973 0.06587 -0.30130 0.03049 0.0006942 1.2812
2461154.4416197 1.18943 0.05573 0.75368 0.05912 -0.43575 0.03247 0.0006942 1.2803
2461154.4418639 1.31443 0.05988 0.89264 0.06252 -0.42179 0.03041 0.0006942 1.2794
2461154.4421082 1.40147 0.06816 1.06094 0.07045 -0.34054 0.03094 0.0006942 1.2785
2461154.4423526 1.46690 0.06933 1.10402 0.07140 -0.36289 0.03042 0.0006942 1.2776
2461154.4426788 1.21282 0.05613 0.91482 0.05824 -0.29800 0.02832 0.0006943 1.2763
2461154.4429232 1.41946 0.06864 1.08226 0.07074 -0.33721 0.03058 0.0006943 1.2754
2461154.4431674 1.33050 0.06657 1.03445 0.06846 -0.29605 0.03114 0.0006943 1.2745
2461154.4434115 1.30985 0.06325 1.02110 0.06508 -0.28874 0.02923 0.0006943 1.2736
2461154.4436556 1.28116 0.06300 0.98781 0.06505 -0.29335 0.02986 0.0006943 1.2727
2461154.4439837 1.31499 0.06829 1.10141 0.06943 -0.21357 0.02979 0.0006943 1.2715
2461154.4444720 1.31872 0.06366 1.02062 0.06542 -0.29810 0.02942 0.0006943 1.2698
2461154.4447160 99.99999 9.99999 99.99999 9.99999 -0.34321 0.02814 0.0006943 1.2689
2461154.4449604 1.39953 0.06878 1.04083 0.07089 -0.35870 0.02961 0.0006943 1.2680
2461154.4452045 1.35763 0.06289 0.93645 0.06569 -0.42118 0.03061 0.0006943 1.2671
2461154.4455323 1.15495 0.05488 0.74837 0.05792 -0.40658 0.03111 0.0006943 1.2659
2461154.4457763 1.37729 0.06642 0.97138 0.06904 -0.40590 0.03171 0.0006943 1.2650
2461154.4460205 1.22179 0.05755 0.91055 0.05978 -0.31124 0.02975 0.0006943 1.2641
2461154.4462647 99.99999 9.99999 99.99999 9.99999 -0.31465 0.02752 0.0006943 1.2633
2461154.4465089 1.28483 0.05852 0.89155 0.06113 -0.39327 0.03011 0.0006944 1.2624
2461154.4468352 1.18930 0.05560 0.77005 0.05829 -0.41925 0.03105 0.0006944 1.2612
2461154.4470798 1.14895 0.05613 0.83339 0.05855 -0.31556 0.03001 0.0006944 1.2603
2461154.4473241 1.29579 0.05717 0.86887 0.05934 -0.42692 0.02928 0.0006944 1.2595
2461154.4475686 99.99999 9.99999 99.99999 9.99999 -0.34345 0.02896 0.0006944 1.2586
2461154.4478125 1.23336 0.05848 0.88158 0.06060 -0.35177 0.03023 0.0006944 1.2577
2461154.4481417 99.99999 9.99999 99.99999 9.99999 -0.27422 0.02748 0.0006944 1.2566
2461154.4483863 1.31340 0.06352 1.00528 0.06502 -0.30812 0.02991 0.0006944 1.2557
2461154.4486304 1.17416 0.05748 0.94735 0.05910 -0.22681 0.02903 0.0006944 1.2549
2461154.4488746 1.40392 0.06127 1.03388 0.06310 -0.37004 0.02813 0.0006944 1.2540
2461154.4491187 1.34684 0.06218 1.07301 0.06408 -0.27384 0.02899 0.0006944 1.2532
2461154.4494467 1.27661 0.05982 0.98145 0.06175 -0.29516 0.02943 0.0006944 1.2520
2461154.4496910 1.27103 0.06326 1.02104 0.06484 -0.24999 0.02994 0.0006944 1.2512
2461154.4499351 1.43971 0.06644 1.06296 0.06856 -0.37675 0.02934 0.0006944 1.2503
2461154.4501793 1.50005 0.07318 1.26020 0.07431 -0.23985 0.02778 0.0006945 1.2495
2461154.4504234 1.33261 0.06021 0.98779 0.06215 -0.34482 0.02891 0.0006945 1.2486
2461154.4507476 1.20802 0.05453 0.93709 0.05589 -0.27093 0.02704 0.0006945 1.2475
2461154.4509920 99.99999 9.99999 99.99999 9.99999 -0.40224 0.02915 0.0006945 1.2467
2461154.4512360 1.34612 0.07335 1.01337 0.07543 -0.33275 0.03218 0.0006945 1.2458
2461154.4514804 99.99999 9.99999 99.99999 9.99999 -0.31340 0.02824 0.0006945 1.2450
2461154.4517243 1.23080 0.05644 0.88842 0.05850 -0.34237 0.02902 0.0006945 1.2442
2461154.4520523 1.29243 0.05721 0.94860 0.05914 -0.34383 0.02744 0.0006945 1.2430
2461154.4525404 1.36469 0.06381 0.98216 0.06604 -0.38253 0.02996 0.0006945 1.2414
2461154.4527850 1.12166 0.05740 99.99999 9.99999 99.99999 9.99999 0.0006945 1.2406
2461154.4530290 1.37804 0.06213 1.02918 0.06365 -0.34886 0.02839 0.0006945 1.2397
2461154.4532732 1.43228 0.06817 1.11960 0.06979 -0.31268 0.02881 0.0006945 1.2389
2461154.4536022 1.66880 0.08833 1.30984 0.09013 -0.35896 0.03167 0.0006945 1.2378
2461154.4540907 99.99999 9.99999 99.99999 9.99999 -0.28506 0.02794 0.0006946 1.2362
2461154.4543349 1.64053 0.08566 1.30275 0.08747 -0.33778 0.03108 0.0006946 1.2354
2461154.4548892 99.99999 9.99999 99.99999 9.99999 99.99999 9.99999 0.0006946 1.2335
2461154.4551334 99.99999 9.99999 99.99999 9.99999 -0.35463 0.02911 0.0006946 1.2327
2461154.4556215 99.99999 9.99999 99.99999 9.99999 -0.39572 0.02944 0.0006946 1.2311
2461154.4566807 99.99999 9.99999 99.99999 9.99999 -0.47573 0.02982 0.0006946 1.2276
2461154.4569249 99.99999 9.99999 99.99999 9.99999 -0.36587 0.02874 0.0006946 1.2268
2461154.4571695 1.56471 0.07665 1.22185 0.07845 -0.34286 0.02981 0.0006946 1.2260
2461154.4574137 99.99999 9.99999 99.99999 9.99999 -0.31954 0.02735 0.0006946 1.2253
2461154.4577392 1.62267 0.07891 1.26886 0.08091 -0.35381 0.03049 0.0006947 1.2242
2461154.4579835 1.43564 0.06354 1.08309 0.06564 -0.35255 0.02785 0.0006947 1.2234
2461154.4582278 1.37684 0.06549 1.05121 0.06741 -0.32562 0.02976 0.0006947 1.2226
2461154.4584720 1.46638 0.06319 1.05527 0.06552 -0.41111 0.02797 0.0006947 1.2219
2461154.4587162 1.43423 0.06558 1.08635 0.06739 -0.34788 0.02784 0.0006947 1.2211
2461154.4590434 1.59583 0.07556 1.24872 0.07707 -0.34710 0.02817 0.0006947 1.2200
2461154.4595321 1.29583 0.05841 0.91698 0.06104 -0.37884 0.02938 0.0006947 1.2185
2461154.4597772 1.22887 0.05402 0.91296 0.05575 -0.31591 0.02761 0.0006947 1.2177
2461154.4600211 1.41339 0.05863 0.96621 0.06168 -0.44718 0.02860 0.0006947 1.2169
2461154.4602653 1.35396 0.06058 1.06048 0.06220 -0.29347 0.02788 0.0006947 1.2162
2461154.4605902 1.32708 0.05756 0.98619 0.05960 -0.34088 0.02750 0.0006947 1.2151
2461154.4610790 1.44718 0.06569 1.14981 0.06715 -0.29737 0.02719 0.0006947 1.2136
2461154.4613237 99.99999 9.99999 99.99999 9.99999 -0.31488 0.02643 0.0006947 1.2128
2461154.4615678 99.99999 9.99999 99.99999 9.99999 -0.32425 0.02667 0.0006948 1.2121
2461154.4618945 1.45580 0.06418 1.08771 0.06597 -0.36808 0.02788 0.0006948 1.2111
2461154.4621388 1.54141 0.06711 1.18396 0.06870 -0.35745 0.02703 0.0006948 1.2103
2461154.4623834 1.37632 0.06400 1.13019 0.06516 -0.24614 0.02679 0.0006948 1.2096
2461154.4626273 1.47456 0.06754 1.22646 0.06861 -0.24811 0.02771 0.0006948 1.2088
2461154.4628715 1.41070 0.06531 1.10238 0.06666 -0.30832 0.02840 0.0006948 1.2081
2461154.4632002 99.99999 9.99999 99.99999 9.99999 -0.42446 0.02772 0.0006948 1.2070
2461154.4636884 99.99999 9.99999 1.08593 0.06173 99.99999 9.99999 0.0006948 1.2056
2461154.4639335 1.55946 0.06728 1.14911 0.06918 -0.41035 0.02764 0.0006948 1.2048
2461154.4644216 1.63395 0.07659 1.30909 0.07792 -0.32486 0.02691 0.0006948 1.2033
2461154.4646660 1.30909 0.05755 0.97418 0.05973 -0.33491 0.02726 0.0006948 1.2026
2461154.4649943 99.99999 9.99999 99.99999 9.99999 -0.35819 0.02561 0.0006948 1.2016
2461154.4652390 99.99999 9.99999 99.99999 9.99999 -0.29469 0.02733 0.0006948 1.2009
2461154.4654830 99.99999 9.99999 99.99999 9.99999 -0.31809 0.02547 0.0006949 1.2001
2461154.4657272 1.36479 0.05973 1.00405 0.06129 -0.36074 0.02649 0.0006949 1.1994
2461154.4659713 1.41876 0.06323 1.05813 0.06503 -0.36063 0.02847 0.0006949 1.1987
2461154.4663002 99.99999 9.99999 99.99999 9.99999 -0.32458 0.02631 0.0006949 1.1977
2461154.4665445 1.29513 0.05522 0.96972 0.05695 -0.32541 0.02720 0.0006949 1.1970
2461154.4667889 99.99999 9.99999 99.99999 9.99999 -0.40354 0.02661 0.0006949 1.1962
2461154.4670330 1.34919 0.05718 1.00889 0.05908 -0.34030 0.02757 0.0006949 1.1955
2461154.4672772 1.42360 0.06281 1.14292 0.06405 -0.28068 0.02656 0.0006949 1.1948
2461154.4676061 1.40100 0.06518 1.11962 0.06662 -0.28139 0.02841 0.0006949 1.1938
2461154.4678506 1.43936 0.06167 1.16049 0.06293 -0.27887 0.02617 0.0006949 1.1931
2461154.4680944 99.99999 9.99999 99.99999 9.99999 -0.29790 0.02722 0.0006949 1.1924
2461154.4683394 1.53333 0.06858 1.14834 0.07035 -0.38499 0.02797 0.0006949 1.1917
2461154.4685841 1.51715 0.06398 1.21600 0.06522 -0.30115 0.02489 0.0006949 1.1910
2461154.4689119 1.58552 0.06874 1.19672 0.07037 -0.38879 0.02657 0.0006949 1.1900
2461154.4691559 1.53178 0.06886 1.21582 0.07006 -0.31596 0.02604 0.0006950 1.1893
2461154.4693998 1.42956 0.05822 1.03214 0.06022 -0.39742 0.02612 0.0006950 1.1886
2461154.4696441 1.45041 0.06252 1.08101 0.06446 -0.36939 0.02642 0.0006950 1.1879
2461154.4698883 99.99999 9.99999 99.99999 9.99999 -0.33427 0.02537 0.0006950 1.1872
2461154.4702140 1.35636 0.05755 1.03076 0.05904 -0.32560 0.02623 0.0006950 1.1863
2461154.4704585 1.50272 0.05949 1.05955 0.06173 -0.44316 0.02619 0.0006950 1.1856
2461154.4707035 1.59180 0.07130 1.29116 0.07257 -0.30064 0.02645 0.0006950 1.1849
2461154.4709476 1.64766 0.07299 1.33724 0.07412 -0.31042 0.02502 0.0006950 1.1842
2461154.4711918 1.53676 0.06334 1.14375 0.06512 -0.39301 0.02596 0.0006950 1.1835
2461154.4715200 1.57918 0.07106 1.29287 0.07216 -0.28631 0.02562 0.0006950 1.1826
2461154.4717644 99.99999 9.99999 99.99999 9.99999 -0.36058 0.02592 0.0006950 1.1819
2461154.4720088 1.53301 0.06610 1.22515 0.06737 -0.30786 0.02607 0.0006950 1.1812
2461154.4722529 1.53291 0.06616 1.20265 0.06748 -0.33026 0.02584 0.0006950 1.1805
2461154.4724972 99.99999 9.99999 99.99999 9.99999 -0.26151 0.02615 0.0006950 1.1798
2461154.4728254 1.56270 0.06607 1.15052 0.06772 -0.41219 0.02563 0.0006950 1.1789
2461154.4733139 99.99999 9.99999 99.99999 9.99999 -0.39339 0.02625 0.0006951 1.1776
2461154.4735586 1.31781 0.05508 0.95038 0.05707 -0.36743 0.02674 0.0006951 1.1769
2461154.4738027 99.99999 9.99999 99.99999 9.99999 -0.31530 0.02531 0.0006951 1.1762
2461154.4740469 99.99999 9.99999 99.99999 9.99999 -0.27359 0.02458 0.0006951 1.1755
2461154.4743695 1.48324 0.06123 1.20184 0.06230 -0.28139 0.02532 0.0006951 1.1746
2461154.4746135 1.56337 0.06630 1.22237 0.06775 -0.34099 0.02536 0.0006951 1.1740
2461154.4748580 1.61638 0.07712 1.35832 0.07826 -0.25806 0.02746 0.0006951 1.1733
2461154.4751023 1.59874 0.07412 1.30880 0.07544 -0.28994 0.02709 0.0006951 1.1726
2461154.4753463 99.99999 9.99999 99.99999 9.99999 -0.24380 0.02656 0.0006951 1.1720
2461154.4756750 99.99999 9.99999 99.99999 9.99999 -0.28520 0.02544 0.0006951 1.1711
2461154.4759195 1.72593 0.07858 1.31035 0.07994 -0.41558 0.02657 0.0006951 1.1704
2461154.4761642 1.60911 0.06980 1.27229 0.07121 -0.33683 0.02548 0.0006951 1.1698
2461154.4764082 1.51521 0.06982 1.21341 0.07118 -0.30179 0.02717 0.0006951 1.1691
2461154.4766524 1.62150 0.06711 1.22616 0.06883 -0.39535 0.02635 0.0006951 1.1684
2461154.4769780 99.99999 9.99999 99.99999 9.99999 -0.48671 0.02698 0.0006952 1.1676
2461154.4772222 1.69672 0.07099 1.33809 0.07230 -0.35863 0.02446 0.0006952 1.1669
2461154.4774665 1.68340 0.07951 1.42303 0.08049 -0.26038 0.02632 0.0006952 1.1663
2461154.4777105 99.99999 9.99999 99.99999 9.99999 -0.33438 0.02554 0.0006952 1.1656
2461154.4779549 99.99999 9.99999 99.99999 9.99999 -0.27210 0.02564 0.0006952 1.1650
2461154.4782839 1.63335 0.07128 1.27553 0.07274 -0.35782 0.02673 0.0006952 1.1641
2461154.4785281 99.99999 9.99999 99.99999 9.99999 -0.34381 0.02445 0.0006952 1.1635
2461154.4787724 99.99999 9.99999 99.99999 9.99999 -0.28698 0.02592 0.0006952 1.1628
2461154.4790173 99.99999 9.99999 99.99999 9.99999 -0.30926 0.02715 0.0006952 1.1622
2461154.4792615 99.99999 9.99999 99.99999 9.99999 -0.30910 0.02514 0.0006952 1.1615
2461154.4795867 99.99999 9.99999 99.99999 9.99999 -0.34681 0.02525 0.0006952 1.1607
2461154.4798311 1.65471 0.07477 1.45478 0.07544 -0.19993 0.02435 0.0006952 1.1600
2461154.4800750 99.99999 9.99999 99.99999 9.99999 99.99999 9.99999 0.0006952 1.1594
2461154.4803190 1.50399 0.06470 1.18192 0.06586 -0.32207 0.02505 0.0006952 1.1588
2461154.4805630 1.53576 0.06401 1.23229 0.06538 -0.30347 0.02565 0.0006953 1.1581
2461154.4808878 1.55923 0.06635 1.27104 0.06766 -0.28819 0.02513 0.0006953 1.1573
2461154.4813764 1.78227 0.07884 1.41755 0.08011 -0.36473 0.02489 0.0006953 1.1561
2461154.4816205 1.71543 0.07742 1.39811 0.07848 -0.31732 0.02603 0.0006953 1.1554
2461154.4818646 1.66020 0.07177 1.27693 0.07299 -0.38327 0.02447 0.0006953 1.1548
2461154.4821925 99.99999 9.99999 99.99999 9.99999 -0.30988 0.02795 0.0006953 1.1540
2461154.4824376 99.99999 9.99999 99.99999 9.99999 -0.30129 0.02464 0.0006953 1.1533
2461154.4826817 99.99999 9.99999 99.99999 9.99999 -0.32937 0.02481 0.0006953 1.1527
2461154.4829258 99.99999 9.99999 99.99999 9.99999 -0.35234 0.02647 0.0006953 1.1521
2461154.4831701 99.99999 9.99999 99.99999 9.99999 -0.44720 0.02727 0.0006953 1.1515
2461154.4837423 1.50417 0.05953 1.10063 0.06138 -0.40354 0.02477 0.0006953 1.1501
2461154.4839863 99.99999 9.99999 99.99999 9.99999 -0.38605 0.02488 0.0006953 1.1495
2461154.4842309 1.72350 0.07027 1.32188 0.07166 -0.40162 0.02456 0.0006953 1.1488
2461154.4844751 1.71537 0.07933 1.38279 0.08053 -0.33258 0.02626 0.0006954 1.1482
2461154.4848029 1.58658 0.06545 1.26800 0.06673 -0.31858 0.02450 0.0006954 1.1474
2461154.4850474 1.55261 0.06312 1.23239 0.06450 -0.32022 0.02441 0.0006954 1.1468
2461154.4852919 1.69022 0.07328 1.27806 0.07484 -0.41216 0.02706 0.0006954 1.1462
2461154.4855360 99.99999 9.99999 99.99999 9.99999 99.99999 9.99999 0.0006954 1.1456
2461154.4857802 99.99999 9.99999 99.99999 9.99999 -0.34239 0.02513 0.0006954 1.1450
2461154.4861086 1.59023 0.06160 1.17919 0.06328 -0.41103 0.02496 0.0006954 1.1442
2461154.4863535 99.99999 9.99999 99.99999 9.99999 99.99999 9.99999 0.0006954 1.1436
2461154.4865978 99.99999 9.99999 99.99999 9.99999 -0.40743 0.02536 0.0006954 1.1430
2461154.4868419 1.73148 0.07200 1.41182 0.07304 -0.31965 0.02435 0.0006954 1.1424
2461154.4870862 1.76383 0.07463 1.42858 0.07578 -0.33526 0.02451 0.0006954 1.1419
2461154.4874144 1.59475 0.06822 1.29204 0.06939 -0.30270 0.02465 0.0006954 1.1411
2461154.4876590 1.62121 0.07031 1.30415 0.07158 -0.31707 0.02594 0.0006954 1.1405
2461154.4879029 1.76459 0.07370 99.99999 9.99999 99.99999 9.99999 0.0006954 1.1399
2461154.4881472 1.62890 0.06712 1.24157 0.06848 -0.38733 0.02434 0.0006955 1.1393
2461154.4883914 1.60926 0.06294 1.30371 0.06406 -0.30555 0.02343 0.0006955 1.1387
2461154.4887196 99.99999 9.99999 99.99999 9.99999 -0.28199 0.02472 0.0006955 1.1379
2461154.4889638 1.59767 0.06382 1.23267 0.06523 -0.36500 0.02439 0.0006955 1.1374
2461154.4892082 1.58916 0.06787 1.26564 0.06904 -0.32353 0.02508 0.0006955 1.1368
2461154.4894522 99.99999 9.99999 99.99999 9.99999 -0.33066 0.02337 0.0006955 1.1362
2461154.4896966 99.99999 9.99999 99.99999 9.99999 -0.25020 0.02539 0.0006955 1.1356
2461154.4902701 99.99999 9.99999 99.99999 9.99999 -0.20263 0.02404 0.0006955 1.1343
2461154.4905142 99.99999 9.99999 99.99999 9.99999 -0.42081 0.02369 0.0006955 1.1337
2461154.4907584 99.99999 9.99999 99.99999 9.99999 -0.31832 0.02386 0.0006955 1.1331
2461154.4910029 99.99999 9.99999 99.99999 9.99999 -0.32287 0.02325 0.0006955 1.1326
2461154.4913312 1.65680 0.06793 1.32024 0.06898 -0.33656 0.02336 0.0006955 1.1318
2461154.4915759 99.99999 9.99999 99.99999 9.99999 -0.32738 0.02307 0.0006955 1.1313
2461154.4918205 1.84893 0.07967 1.50703 0.08055 -0.34190 0.02435 0.0006955 1.1307
2461154.4920646 1.65644 0.06920 1.35663 0.07030 -0.29981 0.02400 0.0006956 1.1301
2461154.4925529 99.99999 9.99999 1.41281 0.07350 99.99999 9.99999 0.0006956 1.1290
2461154.4928830 1.46126 0.05611 99.99999 9.99999 99.99999 9.99999 0.0006956 1.1283
2461154.4931272 1.60736 0.06915 1.24964 0.07040 -0.35773 0.02571 0.0006956 1.1277
2461154.4933714 1.52741 0.06091 1.20260 0.06212 -0.32481 0.02312 0.0006956 1.1272
2461154.4936157 99.99999 9.99999 99.99999 9.99999 -0.29172 0.02480 0.0006956 1.1266
2461154.4938605 1.68698 0.07456 99.99999 9.99999 99.99999 9.99999 0.0006956 1.1261
2461154.4941880 99.99999 9.99999 99.99999 9.99999 99.99999 9.99999 0.0006956 1.1253
2461154.4944326 99.99999 9.99999 99.99999 9.99999 -0.33474 0.02379 0.0006956 1.1248
2461154.4946767 99.99999 9.99999 99.99999 9.99999 -0.36460 0.02512 0.0006956 1.1242
2461154.4949209 99.99999 9.99999 99.99999 9.99999 -0.32093 0.02252 0.0006956 1.1237
2461154.4951652 1.32549 0.04840 0.98508 0.04975 -0.34040 0.02279 0.0006956 1.1231
2461154.4954934 99.99999 9.99999 99.99999 9.99999 -0.32629 0.02666 0.0006956 1.1224
2461154.4957374 1.67697 0.07008 1.32560 0.07159 -0.35137 0.02466 0.0006957 1.1219
2461154.4962258 99.99999 9.99999 99.99999 9.99999 -0.29904 0.02220 0.0006957 1.1208
2461154.4964706 1.55759 0.06196 1.24878 0.06304 -0.30881 0.02332 0.0006957 1.1203
2461154.4967146 1.40181 0.05804 1.16156 0.05893 -0.24025 0.02364 0.0006957 1.1197
2461154.4970434 99.99999 9.99999 99.99999 9.99999 -0.27419 0.02670 0.0006957 1.1190
2461154.4972876 1.50534 0.05963 1.16422 0.06102 -0.34112 0.02374 0.0006957 1.1185
2461154.4975317 99.99999 9.99999 99.99999 9.99999 -0.20124 0.02367 0.0006957 1.1180
2461154.4977760 1.49377 0.06069 1.20865 0.06197 -0.28512 0.02431 0.0006957 1.1174
2461154.4980199 1.52933 0.05668 1.17882 0.05785 -0.35051 0.02192 0.0006957 1.1169
2461154.4983454 1.54019 0.06188 1.27810 0.06304 -0.26209 0.02388 0.0006957 1.1162
2461154.4985897 1.49938 0.05620 1.13646 0.05784 -0.36292 0.02333 0.0006957 1.1157
2461154.4988339 1.49732 0.06545 1.27907 0.06622 -0.21825 0.02410 0.0006957 1.1152
2461154.4990780 99.99999 9.99999 99.99999 9.99999 -0.36230 0.02481 0.0006957 1.1146
2461154.4993223 1.41502 0.05560 1.13697 0.05689 -0.27804 0.02312 0.0006957 1.1141
2461154.4996506 99.99999 9.99999 99.99999 9.99999 -0.33756 0.02420 0.0006958 1.1134
2461154.4998947 1.24201 0.04675 0.98804 0.04806 -0.25397 0.02306 0.0006958 1.1129
2461154.5001389 1.34015 0.04757 0.95949 0.04928 -0.38067 0.02336 0.0006958 1.1124
2461154.5003831 1.57472 0.06064 1.24057 0.06164 -0.33415 0.02267 0.0006958 1.1119
2461154.5006276 1.33390 0.05515 99.99999 9.99999 99.99999 9.99999 0.0006958 1.1114
2461154.5009568 99.99999 9.99999 99.99999 9.99999 99.99999 9.99999 0.0006958 1.1107
2461154.5012012 1.52165 0.05732 1.08788 0.05915 -0.43377 0.02381 0.0006958 1.1102
2461154.5014451 1.47993 0.05480 1.21879 0.05589 -0.26113 0.02246 0.0006958 1.1097
2461154.5016896 1.30813 0.05046 1.04482 0.05170 -0.26331 0.02347 0.0006958 1.1092
2461154.5019339 99.99999 9.99999 99.99999 9.99999 -0.42361 0.02378 0.0006958 1.1087
2461154.5022595 99.99999 9.99999 99.99999 9.99999 -0.31903 0.02352 0.0006958 1.1080
2461154.5025038 1.41395 0.05374 1.05737 0.05529 -0.35658 0.02369 0.0006958 1.1075
2461154.5027481 99.99999 9.99999 99.99999 9.99999 -0.34072 0.02276 0.0006958 1.1070
2461154.5029923 1.24361 0.04792 0.93090 0.04938 -0.31271 0.02274 0.0006958 1.1065
2461154.5032366 1.29171 0.04748 0.91791 0.04925 -0.37380 0.02406 0.0006958 1.1060
2461154.5035665 99.99999 9.99999 99.99999 9.99999 -0.35647 0.02281 0.0006959 1.1053
2461154.5038106 1.33469 0.04808 0.89355 0.05005 -0.44114 0.02427 0.0006959 1.1048
2461154.5040547 1.52088 0.05873 1.21451 0.05982 -0.30637 0.02219 0.0006959 1.1043
2461154.5042988 1.56360 0.06040 1.27504 0.06149 -0.28856 0.02276 0.0006959 1.1039
2461154.5045430 99.99999 9.99999 99.99999 9.99999 -0.34378 0.02229 0.0006959 1.1034
2461154.5048714 1.58979 0.06421 1.24044 0.06548 -0.34935 0.02414 0.0006959 1.1027
2461154.5051156 1.70939 0.06655 1.36051 0.06776 -0.34887 0.02280 0.0006959 1.1022
2461154.5053597 99.99999 9.99999 99.99999 9.99999 -0.37863 0.02342 0.0006959 1.1017
2461154.5056044 99.99999 9.99999 99.99999 9.99999 -0.30442 0.02399 0.0006959 1.1013
2461154.5058486 1.41524 0.05185 1.06291 0.05304 -0.35233 0.02244 0.0006959 1.1008
2461154.5061739 99.99999 9.99999 99.99999 9.99999 -0.31465 0.02236 0.0006959 1.1001
2461154.5064181 1.45375 0.05369 1.16767 0.05466 -0.28608 0.02212 0.0006959 1.0997
2461154.5066626 99.99999 9.99999 99.99999 9.99999 -0.35361 0.02394 0.0006959 1.0992
2461154.5069067 1.34694 0.05021 1.04727 0.05153 -0.29967 0.02264 0.0006959 1.0987
2461154.5071509 99.99999 9.99999 99.99999 9.99999 -0.30173 0.02254 0.0006960 1.0982
2461154.5074766 1.25355 0.05017 1.00432 0.05150 -0.24923 0.02389 0.0006960 1.0976
2461154.5077145 1.45838 0.05707 1.01748 0.05913 -0.44090 0.02536 0.0006960 1.0971
2461154.5079591 1.33827 0.05000 1.02462 0.05153 -0.31365 0.02274 0.0006960 1.0967
2461154.5082030 1.38321 0.04795 99.99999 9.99999 99.99999 9.99999 0.0006960 1.0962
2461154.5084472 99.99999 9.99999 99.99999 9.99999 -0.31575 0.02348 0.0006960 1.0957
2461154.5087759 99.99999 9.99999 99.99999 9.99999 -0.41999 0.02285 0.0006960 1.0951
2461154.5090205 1.17816 0.04400 0.85097 0.04597 -0.32719 0.02352 0.0006960 1.0946
2461154.5092644 99.99999 9.99999 99.99999 9.99999 -0.36410 0.02234 0.0006960 1.0942
2461154.5095087 99.99999 9.99999 99.99999 9.99999 -0.43934 0.02379 0.0006960 1.0937
2461154.5100617 1.23306 0.04946 0.95810 0.05076 -0.27496 0.02471 0.0006960 1.0927
2461154.5103056 1.20169 0.04241 0.87466 0.04406 -0.32703 0.02262 0.0006960 1.0922
2461154.5105498 1.27015 0.04333 0.91232 0.04523 -0.35783 0.02290 0.0006960 1.0918
2461154.5107941 1.43917 0.05437 1.20798 0.05536 -0.23119 0.02189 0.0006960 1.0913
2461154.5110380 1.39914 0.04997 1.08997 0.05146 -0.30917 0.02231 0.0006961 1.0908
2461154.5113637 1.49218 0.05385 1.12579 0.05524 -0.36639 0.02265 0.0006961 1.0902
2461154.5116082 99.99999 9.99999 99.99999 9.99999 99.99999 9.99999 0.0006961 1.0898
2461154.5118522 1.19382 0.04374 0.88684 0.04529 -0.30698 0.02279 0.0006961 1.0893
2461154.5120965 99.99999 9.99999 99.99999 9.99999 -0.31383 0.02127 0.0006961 1.0889
2461154.5123406 1.38460 0.05329 1.08020 0.05493 -0.30440 0.02352 0.0006961 1.0884
2461154.5126699 99.99999 9.99999 99.99999 9.99999 -0.38603 0.02420 0.0006961 1.0878
2461154.5129150 1.21455 0.04199 0.86389 0.04413 -0.35066 0.02333 0.0006961 1.0874
2461154.5131590 1.36360 0.04791 1.01157 0.04965 -0.35203 0.02225 0.0006961 1.0870
2461154.5134032 1.31184 0.04961 0.93601 0.05130 -0.37583 0.02355 0.0006961 1.0865
2461154.5136475 1.41138 0.05072 1.05529 0.05222 -0.35608 0.02261 0.0006961 1.0861
2461154.5139762 99.99999 9.99999 0.94557 0.04588 99.99999 9.99999 0.0006961 1.0855
2461154.5142202 99.99999 9.99999 99.99999 9.99999 -0.32766 0.02168 0.0006961 1.0850
2461154.5144644 1.21582 0.04579 0.86924 0.04779 -0.34658 0.02459 0.0006961 1.0846
2461154.5147086 1.47917 0.05251 1.05817 0.05397 -0.42100 0.02221 0.0006961 1.0842
2461154.5149526 1.48209 0.05354 1.10708 0.05519 -0.37501 0.02299 0.0006962 1.0837
2461154.5152782 99.99999 9.99999 99.99999 9.99999 99.99999 9.99999 0.0006962 1.0832
2461154.5155225 1.49840 0.05248 1.12872 0.05399 -0.36968 0.02211 0.0006962 1.0827
2461154.5157667 99.99999 9.99999 1.11750 0.05177 99.99999 9.99999 0.0006962 1.0823
2461154.5160110 99.99999 9.99999 99.99999 9.99999 -0.29970 0.02323 0.0006962 1.0819
2461154.5162551 99.99999 9.99999 99.99999 9.99999 -0.34190 0.02400 0.0006962 1.0814
2461154.5168282 1.21988 0.04280 0.90733 0.04414 -0.31255 0.02257 0.0006962 1.0805
2461154.5170722 99.99999 9.99999 99.99999 9.99999 -0.30609 0.02186 0.0006962 1.0800
2461154.5173172 1.42838 0.05148 1.02620 0.05340 -0.40219 0.02325 0.0006962 1.0796
2461154.5175614 1.43626 0.05287 1.10148 0.05435 -0.33478 0.02301 0.0006962 1.0792
2461154.5178882 99.99999 9.99999 99.99999 9.99999 -0.34363 0.02201 0.0006962 1.0786
2461154.5181323 1.12985 0.04171 0.74754 0.04393 -0.38232 0.02453 0.0006962 1.0782
2461154.5183767 1.14790 0.03972 0.84782 0.04127 -0.30008 0.02167 0.0006962 1.0778
2461154.5186210 1.22348 0.04210 0.86381 0.04363 -0.35967 0.02215 0.0006963 1.0774
2461154.5188653 99.99999 9.99999 99.99999 9.99999 -0.36331 0.02236 0.0006963 1.0770
2461154.5191908 1.24287 0.04537 0.89569 0.04703 -0.34718 0.02293 0.0006963 1.0764
2461154.5194348 1.45195 0.05194 1.18647 0.05280 -0.26548 0.02104 0.0006963 1.0760
2461154.5196790 99.99999 9.99999 99.99999 9.99999 -0.30611 0.02220 0.0006963 1.0756
2461154.5199236 1.40810 0.05138 1.17329 0.05223 -0.23481 0.02074 0.0006963 1.0752
2461154.5201676 99.99999 9.99999 1.05661 0.05122 99.99999 9.99999 0.0006963 1.0748
2461154.5204966 1.33495 0.04605 1.02813 0.04744 -0.30682 0.02182 0.0006963 1.0742
2461154.5207408 1.28552 0.04424 1.02266 0.04559 -0.26286 0.02141 0.0006963 1.0738
2461154.5209849 1.47363 0.05444 1.17590 0.05565 -0.29773 0.02211 0.0006963 1.0734
2461154.5212290 99.99999 9.99999 99.99999 9.99999 -0.20002 0.02127 0.0006963 1.0730
2461154.5214732 99.99999 9.99999 99.99999 9.99999 -0.30228 0.02181 0.0006963 1.0726
2461154.5218037 99.99999 9.99999 99.99999 9.99999 -0.18731 0.02364 0.0006963 1.0721
2461154.5220479 99.99999 9.99999 99.99999 9.99999 99.99999 9.99999 0.0006963 1.0717
2461154.5222920 99.99999 9.99999 99.99999 9.99999 -0.27598 0.02242 0.0006963 1.0713
2461154.5225364 99.99999 9.99999 99.99999 9.99999 -0.31048 0.02157 0.0006964 1.0709
2461154.5227806 99.99999 9.99999 1.07765 0.05260 99.99999 9.99999 0.0006964 1.0705
2461154.5231087 99.99999 9.99999 99.99999 9.99999 -0.36710 0.02141 0.0006964 1.0700
2461154.5233525 1.40815 0.04967 1.03514 0.05124 -0.37301 0.02232 0.0006964 1.0696
2461154.5235969 99.99999 9.99999 1.03562 0.04865 99.99999 9.99999 0.0006964 1.0692
2461154.5238413 1.35754 0.04898 1.06678 0.05001 -0.29075 0.02172 0.0006964 1.0688
2461154.5240854 1.21220 0.04438 0.98122 0.04546 -0.23098 0.02127 0.0006964 1.0684
2461154.5244136 99.99999 9.99999 99.99999 9.99999 -0.36195 0.02398 0.0006964 1.0679
2461154.5246579 99.99999 9.99999 99.99999 9.99999 -0.32734 0.02201 0.0006964 1.0675
2461154.5249022 1.25703 0.04643 0.88711 0.04836 -0.36992 0.02386 0.0006964 1.0671
2461154.5251465 99.99999 9.99999 99.99999 9.99999 -0.36127 0.02243 0.0006964 1.0668
2461154.5253906 99.99999 9.99999 99.99999 9.99999 -0.31461 0.02147 0.0006964 1.0664
2461154.5257197 1.20682 0.04156 0.95382 0.04278 -0.25300 0.02138 0.0006964 1.0659
2461154.5259648 1.22958 0.04179 0.85013 0.04354 -0.37945 0.02182 0.0006964 1.0655
2461154.5262088 99.99999 9.99999 99.99999 9.99999 -0.30427 0.02205 0.0006965 1.0651
2461154.5264529 1.30952 0.04656 0.96279 0.04801 -0.34673 0.02218 0.0006965 1.0647
2461154.5266971 1.12668 0.03935 0.78445 0.04113 -0.34222 0.02222 0.0006965 1.0644
2461154.5270227 1.29754 0.04920 1.05991 0.05024 -0.23763 0.02164 0.0006965 1.0639
2461154.5272672 1.25881 0.04282 0.89831 0.04458 -0.36050 0.02169 0.0006965 1.0635
2461154.5275112 99.99999 9.99999 99.99999 9.99999 -0.34510 0.02176 0.0006965 1.0631
2461154.5277558 99.99999 9.99999 99.99999 9.99999 -0.39582 0.02236 0.0006965 1.0628
2461154.5280000 1.28240 0.04298 0.93507 0.04464 -0.34733 0.02174 0.0006965 1.0624
2461154.5283257 99.99999 9.99999 99.99999 9.99999 -0.41456 0.02425 0.0006965 1.0619
2461154.5285699 1.13822 0.06275 99.99999 9.99999 99.99999 9.99999 0.0006965 1.0615
2461154.5288145 1.13216 0.06191 0.92475 0.06322 -0.20742 0.03185 0.0006965 1.0612
2461154.5290584 99.99999 9.99999 99.99999 9.99999 -0.45708 0.02712 0.0006965 1.0608
2461154.5293027 99.99999 9.99999 99.99999 9.99999 -0.29242 0.02721 0.0006965 1.0604
2461154.5298758 1.24023 0.05220 0.87736 0.05454 -0.36287 0.02662 0.0006965 1.0596
2461154.5301202 1.22435 0.04349 0.85857 0.04560 -0.36578 0.02415 0.0006966 1.0592
2461154.5303644 1.26988 0.04581 0.95089 0.04720 -0.31899 0.02250 0.0006966 1.0589
2461154.5306086 1.24982 0.04301 0.88157 0.04477 -0.36824 0.02190 0.0006966 1.0585
2461154.5311813 99.99999 9.99999 99.99999 9.99999 -0.42183 0.03658 0.0006966 1.0577
2461154.5314253 99.99999 9.99999 1.01752 0.04360 99.99999 9.99999 0.0006966 1.0574
2461154.5316694 99.99999 9.99999 99.99999 9.99999 -0.40456 0.02122 0.0006966 1.0570
2461154.5319136 1.32611 0.04493 0.87424 0.04746 -0.45187 0.02327 0.0006966 1.0567
2461154.5322421 99.99999 9.99999 99.99999 9.99999 99.99999 9.99999 0.0006966 1.0562
2461154.5324864 1.14511 0.04229 0.84047 0.04387 -0.30464 0.02269 0.0006966 1.0558
2461154.5327305 1.10737 0.03735 0.79964 0.03937 -0.30772 0.02182 0.0006966 1.0555
2461154.5329744 1.23161 0.04370 0.94665 0.04530 -0.28496 0.02200 0.0006966 1.0552
2461154.5332186 1.22896 0.04414 0.95539 0.04546 -0.27357 0.02258 0.0006966 1.0548
2461154.5337910 99.99999 9.99999 99.99999 9.99999 99.99999 9.99999 0.0006967 1.0540
2461154.5340358 99.99999 9.99999 99.99999 9.99999 -0.37248 0.02024 0.0006967 1.0537
2461154.5342804 1.20516 0.03873 99.99999 9.99999 99.99999 9.99999 0.0006967 1.0533
2461154.5345244 99.99999 9.99999 99.99999 9.99999 -0.34946 0.02153 0.0006967 1.0530
2461154.5348530 1.11918 0.03880 99.99999 9.99999 99.99999 9.99999 0.0006967 1.0525
2461154.5350975 1.31859 0.04271 1.03129 0.04381 -0.28730 0.02011 0.0006967 1.0522
2461154.5353421 1.10383 0.03893 0.77374 0.04060 -0.33009 0.02184 0.0006967 1.0519
2461154.5355862 1.08972 0.03534 99.99999 9.99999 99.99999 9.99999 0.0006967 1.0515
2461154.5358308 99.99999 9.99999 99.99999 9.99999 -0.29511 0.02028 0.0006967 1.0512
2461154.5361567 1.11416 0.03649 0.60028 0.03955 -0.51388 0.02265 0.0006967 1.0508
2461154.5364010 99.99999 9.99999 99.99999 9.99999 -0.29761 0.02032 0.0006967 1.0505
2461154.5366452 1.19645 0.03797 99.99999 9.99999 99.99999 9.99999 0.0006967 1.0501
2461154.5368894 99.99999 9.99999 99.99999 9.99999 -0.33665 0.02217 0.0006967 1.0498
2461154.5371334 1.23251 0.04145 0.90938 0.04280 -0.32314 0.02062 0.0006967 1.0495
2461154.5374602 1.02428 0.04515 0.74925 0.04662 -0.27503 0.02531 0.0006967 1.0490
2461154.5377045 99.99999 9.99999 99.99999 9.99999 -0.22496 0.02643 0.0006968 1.0487
2461154.5381928 1.17486 0.04053 0.86392 0.04188 -0.31093 0.02109 0.0006968 1.0481
2461154.5384369 99.99999 9.99999 99.99999 9.99999 -0.25019 0.02156 0.0006968 1.0478
2461154.5387636 1.02347 0.03644 0.75611 0.03781 -0.26735 0.02066 0.0006968 1.0473
2461154.5392522 1.20388 0.04138 0.72170 0.04437 -0.48218 0.02439 0.0006968 1.0467
2461154.5394962 1.16203 0.10803 1.03214 0.10944 -0.12989 0.05429 0.0006968 1.0464
2461154.5397404 1.16837 0.12912 0.67707 0.13852 -0.49131 0.07962 0.0006968 1.0461
2461154.5399852 99.99999 9.99999 99.99999 9.99999 -0.28677 0.08007 0.0006968 1.0458
2461154.5405510 99.99999 9.99999 99.99999 9.99999 99.99999 9.99999 0.0006968 1.0451
2461154.5407956 99.99999 9.99999 99.99999 9.99999 -0.13380 0.19174 0.0006968 1.0448
2461154.5410397 99.99999 9.99999 99.99999 9.99999 99.99999 9.99999 0.0006968 1.0444
2461154.5412839 99.99999 9.99999 99.99999 9.99999 99.99999 9.99999 0.0006968 1.0441
2461154.5416130 99.99999 9.99999 99.99999 9.99999 -0.41413 0.12237 0.0006969 1.0437
2461154.5418577 99.99999 9.99999 99.99999 9.99999 -0.21161 0.09511 0.0006969 1.0434
2461154.5421022 99.99999 9.99999 99.99999 9.99999 -0.18052 0.07631 0.0006969 1.0431
2461154.5425903 1.14322 0.04601 0.82353 0.04779 -0.31970 0.02526 0.0006969 1.0425
2461154.5429174 99.99999 9.99999 99.99999 9.99999 -0.33693 0.02335 0.0006969 1.0421
2461154.5431620 1.23904 0.06471 0.95393 0.06670 -0.28511 0.03185 0.0006969 1.0418
2461154.5434066 1.14299 0.09409 99.99999 9.99999 99.99999 9.99999 0.0006969 1.0415
2461154.5436506 1.05338 0.04710 99.99999 9.99999 99.99999 9.99999 0.0006969 1.0412
2461154.5438948 1.04344 0.04291 0.60512 0.04673 -0.43832 0.02815 0.0006969 1.0410
2461154.5444684 1.07764 0.04542 0.69763 0.04815 -0.38001 0.02800 0.0006969 1.0403
2461154.5449567 99.99999 9.99999 99.99999 9.99999 -0.36254 0.05389 0.0006969 1.0397
2461154.5452010 99.99999 9.99999 99.99999 9.99999 -0.41771 0.15868 0.0006970 1.0394
2461154.5454455 0.94899 0.13029 0.50425 0.14168 -0.44474 0.08953 0.0006970 1.0391
2461154.5457780 1.36769 0.06821 1.00338 0.07028 -0.36430 0.03052 0.0006970 1.0387
2461154.5462662 99.99999 9.99999 99.99999 9.99999 -0.12399 0.30474 0.0006970 1.0382
2461154.5465103 99.99999 9.99999 99.99999 9.99999 99.99999 9.99999 0.0006970 1.0379
2461154.5467544 99.99999 9.99999 99.99999 9.99999 99.99999 9.99999 0.0006970 1.0376
2461154.5470703 99.99999 9.99999 99.99999 9.99999 99.99999 9.99999 0.0006970 1.0373
2461154.5473143 99.99999 9.99999 99.99999 9.99999 99.99999 9.99999 0.0006970 1.0370
2461154.5485499 99.99999 9.99999 99.99999 9.99999 99.99999 9.99999 0.0006970 1.0356
2461154.5487939 99.99999 9.99999 99.99999 9.99999 99.99999 9.99999 0.0006970 1.0353
2461154.5490378 1.13188 0.05402 0.60778 0.05850 -0.52411 0.03406 0.0006971 1.0351
2461154.5492821 1.11050 0.05767 0.89789 0.05904 -0.21261 0.03032 0.0006971 1.0348
2461154.5496111 99.99999 9.99999 99.99999 9.99999 99.99999 9.99999 0.0006971 1.0344
2461154.5500995 99.99999 9.99999 99.99999 9.99999 99.99999 9.99999 0.0006971 1.0339
2461154.5508499 99.99999 9.99999 99.99999 9.99999 99.99999 9.99999 0.0006971 1.0331
2461154.5510940 1.13156 0.15016 0.75743 0.15925 -0.37414 0.08690 0.0006971 1.0328
2461154.5513382 99.99999 9.99999 99.99999 9.99999 99.99999 9.99999 0.0006971 1.0326
2461154.5515823 99.99999 9.99999 99.99999 9.99999 99.99999 9.99999 0.0006971 1.0323
2461154.5518268 99.99999 9.99999 99.99999 9.99999 99.99999 9.99999 0.0006971 1.0321
2461154.5521497 99.99999 9.99999 99.99999 9.99999 99.99999 9.99999 0.0006971 1.0317
2461154.5526373 99.99999 9.99999 99.99999 9.99999 99.99999 9.99999 0.0006971 1.0312
2461154.5531270 99.99999 9.99999 99.99999 9.99999 99.99999 9.99999 0.0006972 1.0307
2461154.5538743 99.99999 9.99999 99.99999 9.99999 99.99999 9.99999 0.0006972 1.0299
2461154.5541181 99.99999 9.99999 99.99999 9.99999 99.99999 9.99999 0.0006972 1.0297
2461154.5546065 99.99999 9.99999 99.99999 9.99999 -0.43889 0.83278 0.0006972 1.0292
2461154.5549207 99.99999 9.99999 99.99999 9.99999 99.99999 9.99999 0.0006972 1.0289
2461154.5551649 99.99999 9.99999 99.99999 9.99999 99.99999 9.99999 0.0006972 1.0286
2461154.5554092 99.99999 9.99999 99.99999 9.99999 -0.58225 0.30436 0.0006972 1.0284
2461154.5556533 99.99999 9.99999 99.99999 9.99999 99.99999 9.99999 0.0006972 1.0282
2461154.5566448 99.99999 9.99999 99.99999 9.99999 99.99999 9.99999 0.0006973 1.0272
2461154.5568889 99.99999 9.99999 99.99999 9.99999 -0.41539 0.04102 0.0006973 1.0270
2461154.5571333 1.28388 0.04893 0.85376 0.05142 -0.43011 0.02563 0.0006973 1.0267
2461154.5574620 99.99999 9.99999 99.99999 9.99999 -0.41969 0.04338 0.0006973 1.0264
2461154.5577066 99.99999 9.99999 99.99999 9.99999 99.99999 9.99999 0.0006973 1.0262
2461154.5579507 99.99999 9.99999 99.99999 9.99999 -0.37554 0.02118 0.0006973 1.0260
2461154.5581949 99.99999 9.99999 99.99999 9.99999 -0.40226 0.03210 0.0006973 1.0257
2461154.5584391 99.99999 9.99999 99.99999 9.99999 -0.26954 0.06683 0.0006973 1.0255
2461154.5587708 99.99999 9.99999 99.99999 9.99999 -0.26567 0.04533 0.0006973 1.0252
2461154.5590149 99.99999 9.99999 99.99999 9.99999 -0.37943 0.02014 0.0006973 1.0250
2461154.5592591 1.18269 0.03948 0.95509 0.04065 -0.22760 0.02025 0.0006973 1.0247
2461154.5595032 1.26029 0.03912 0.84318 0.04091 -0.41712 0.02049 0.0006973 1.0245
2461154.5597475 1.21229 0.03985 0.87240 0.04136 -0.33989 0.02003 0.0006973 1.0243
2461154.5600739 99.99999 9.99999 99.99999 9.99999 -0.44091 0.02530 0.0006973 1.0240
2461154.5603186 1.25955 0.06401 0.93635 0.06635 -0.32320 0.03163 0.0006973 1.0238
2461154.5605627 99.99999 9.99999 99.99999 9.99999 -0.15662 0.09881 0.0006974 1.0236
2461154.5608072 99.99999 9.99999 99.99999 9.99999 -0.35031 0.05256 0.0006974 1.0233
2461154.5610513 99.99999 9.99999 99.99999 9.99999 99.99999 9.99999 0.0006974 1.0231
2461154.5613827 99.99999 9.99999 99.99999 9.99999 -0.21569 0.11141 0.0006974 1.0228
2461154.5616272 99.99999 9.99999 99.99999 9.99999 99.99999 9.99999 0.0006974 1.0226
2461154.5618715 99.99999 9.99999 99.99999 9.99999 -0.15087 0.11195 0.0006974 1.0224
2461154.5621157 99.99999 9.99999 99.99999 9.99999 99.99999 9.99999 0.0006974 1.0222
2461154.5623597 99.99999 9.99999 99.99999 9.99999 -0.25454 0.03857 0.0006974 1.0220
2461154.5626852 99.99999 9.99999 99.99999 9.99999 -0.52235 0.05755 0.0006974 1.0217
2461154.5629298 99.99999 9.99999 99.99999 9.99999 -0.43866 0.07705 0.0006974 1.0215
2461154.5631741 99.99999 9.99999 99.99999 9.99999 99.99999 9.99999 0.0006974 1.0213
2461154.5634181 99.99999 9.99999 99.99999 9.99999 99.99999 9.99999 0.0006974 1.0211
2461154.5636623 1.31986 0.30551 1.00464 0.31499 -0.31522 0.14199 0.0006974 1.0209
2461154.5639860 99.99999 9.99999 99.99999 9.99999 -0.06683 0.17429 0.0006974 1.0206
2461154.5642301 99.99999 9.99999 99.99999 9.99999 -0.30764 0.23081 0.0006975 1.0204
2461154.5644743 99.99999 9.99999 99.99999 9.99999 99.99999 9.99999 0.0006975 1.0202
2461154.5647184 1.01925 0.11043 0.63119 0.11805 -0.38806 0.07161 0.0006975 1.0200
2461154.5649633 99.99999 9.99999 99.99999 9.99999 -0.36904 0.08758 0.0006975 1.0198
2461154.5652937 99.99999 9.99999 99.99999 9.99999 -0.33421 0.03715 0.0006975 1.0195
2461154.5655383 99.99999 9.99999 99.99999 9.99999 -0.32334 0.03917 0.0006975 1.0193
2461154.5657823 99.99999 9.99999 99.99999 9.99999 99.99999 9.99999 0.0006975 1.0191
2461154.5660265 99.99999 9.99999 99.99999 9.99999 99.99999 9.99999 0.0006975 1.0189
2461154.5662712 99.99999 9.99999 99.99999 9.99999 99.99999 9.99999 0.0006975 1.0187
2461154.5666016 99.99999 9.99999 99.99999 9.99999 -0.29105 0.01932 0.0006975 1.0185
2461154.5668459 1.23746 0.04038 0.85780 0.04203 -0.37967 0.02027 0.0006975 1.0183
2461154.5673342 99.99999 9.99999 99.99999 9.99999 -0.44320 0.02406 0.0006975 1.0179
2461154.5675786 1.09260 0.07444 0.76983 0.07880 -0.32277 0.04426 0.0006975 1.0177
2461154.5679079 1.21516 0.05270 0.81039 0.05571 -0.40477 0.02886 0.0006975 1.0175
2461154.5681522 99.99999 9.99999 99.99999 9.99999 -0.37072 0.02643 0.0006976 1.0173
2461154.5683965 1.17017 0.04075 0.76171 0.04289 -0.40846 0.02263 0.0006976 1.0171
2461154.5686411 99.99999 9.99999 99.99999 9.99999 -0.31268 0.02284 0.0006976 1.0169
2461154.5688852 1.23158 0.03942 0.99193 0.04045 -0.23965 0.01953 0.0006976 1.0167
2461154.5692148 1.33056 0.04006 0.97679 0.04169 -0.35377 0.02047 0.0006976 1.0165
2461154.5694589 1.24795 0.03814 0.86660 0.03976 -0.38134 0.01947 0.0006976 1.0163
2461154.5697036 1.13738 0.03557 0.85161 0.03706 -0.28577 0.01952 0.0006976 1.0161
2461154.5699479 1.26291 0.04020 0.89996 0.04199 -0.36295 0.02145 0.0006976 1.0159
2461154.5705006 99.99999 9.99999 0.75864 0.04177 99.99999 9.99999 0.0006976 1.0155
2461154.5707450 99.99999 9.99999 99.99999 9.99999 -0.23254 0.02172 0.0006976 1.0154
2461154.5709900 99.99999 9.99999 99.99999 9.99999 -0.43923 0.02305 0.0006976 1.0152
2461154.5712344 1.28763 0.04529 1.00779 0.04635 -0.27984 0.02135 0.0006976 1.0150
2461154.5714786 1.35531 0.06684 1.16040 0.06788 -0.19492 0.02917 0.0006976 1.0149
2461154.5718064 99.99999 9.99999 99.99999 9.99999 -0.32536 0.04833 0.0006977 1.0146
2461154.5720504 99.99999 9.99999 99.99999 9.99999 99.99999 9.99999 0.0006977 1.0145
2461154.5722946 99.99999 9.99999 99.99999 9.99999 99.99999 9.99999 0.0006977 1.0143
2461154.5725387 1.14762 0.13459 0.77615 0.14236 -0.37147 0.07671 0.0006977 1.0141
2461154.5727831 99.99999 9.99999 99.99999 9.99999 -0.50041 0.10494 0.0006977 1.0139
2461154.5731136 99.99999 9.99999 99.99999 9.99999 -0.11535 0.06251 0.0006977 1.0137
2461154.5733583 99.99999 9.99999 99.99999 9.99999 99.99999 9.99999 0.0006977 1.0136
2461154.5736027 1.30696 0.06047 1.01449 0.06223 -0.29247 0.02865 0.0006977 1.0134
2461154.5738467 99.99999 9.99999 0.91218 0.05992 99.99999 9.99999 0.0006977 1.0132
2461154.5740912 1.23502 0.04160 99.99999 9.99999 99.99999 9.99999 0.0006977 1.0131
2461154.5744167 99.99999 9.99999 0.95798 0.04726 99.99999 9.99999 0.0006977 1.0129
2461154.5746610 99.99999 9.99999 99.99999 9.99999 -0.32797 0.02242 0.0006977 1.0127
2461154.5749051 99.99999 9.99999 99.99999 9.99999 -0.29091 0.02204 0.0006977 1.0125
2461154.5751495 99.99999 9.99999 99.99999 9.99999 -0.29194 0.02241 0.0006977 1.0124
2461154.5753937 99.99999 9.99999 99.99999 9.99999 -0.39480 0.02853 0.0006977 1.0122
2461154.5757231 1.29950 0.04838 0.91737 0.05046 -0.38213 0.02435 0.0006978 1.0120
2461154.5759679 99.99999 9.99999 99.99999 9.99999 -0.28678 0.02315 0.0006978 1.0119
2461154.5762125 1.22046 0.04751 0.99468 0.04852 -0.22578 0.02376 0.0006978 1.0117
2461154.5764568 1.43330 0.05477 1.08173 0.05653 -0.35156 0.02459 0.0006978 1.0116
2461154.5767008 1.28218 0.05328 0.89595 0.05580 -0.38623 0.02798 0.0006978 1.0114
2461154.5770296 99.99999 9.99999 99.99999 9.99999 -0.20682 0.04729 0.0006978 1.0112
2461154.5772737 1.22051 0.07849 0.99681 0.08058 -0.22371 0.03765 0.0006978 1.0111
2461154.5775184 99.99999 9.99999 1.03862 0.06678 99.99999 9.99999 0.0006978 1.0109
2461154.5777627 1.32983 0.06088 1.03021 0.06245 -0.29962 0.02850 0.0006978 1.0108
2461154.5780068 99.99999 9.99999 99.99999 9.99999 -0.29339 0.08374 0.0006978 1.0106
2461154.5783399 1.21158 0.38349 99.99999 9.99999 99.99999 9.99999 0.0006978 1.0104
2461154.5785843 99.99999 9.99999 99.99999 9.99999 99.99999 9.99999 0.0006978 1.0103
2461154.5788291 99.99999 9.99999 99.99999 9.99999 99.99999 9.99999 0.0006978 1.0101
2461154.5795766 99.99999 9.99999 99.99999 9.99999 99.99999 9.99999 0.0006979 1.0097
2461154.5816077 99.99999 9.99999 99.99999 9.99999 99.99999 9.99999 0.0006979 1.0086
2461154.5818524 99.99999 9.99999 99.99999 9.99999 -0.31864 0.08058 0.0006979 1.0085
2461154.5820969 99.99999 9.99999 99.99999 9.99999 99.99999 9.99999 0.0006979 1.0083
2461154.5849337 99.99999 9.99999 99.99999 9.99999 99.99999 9.99999 0.0006980 1.0069
2461154.5852547 99.99999 9.99999 99.99999 9.99999 99.99999 9.99999 0.0006980 1.0068
2461154.5854992 99.99999 9.99999 99.99999 9.99999 -0.32829 0.07247 0.0006980 1.0067
2461154.5857430 99.99999 9.99999 99.99999 9.99999 99.99999 9.99999 0.0006980 1.0065
2461154.5859872 99.99999 9.99999 99.99999 9.99999 99.99999 9.99999 0.0006980 1.0064
2461154.5862314 99.99999 9.99999 99.99999 9.99999 99.99999 9.99999 0.0006980 1.0063
2461154.5865451 99.99999 9.99999 99.99999 9.99999 99.99999 9.99999 0.0006980 1.0062
2461154.5867897 99.99999 9.99999 99.99999 9.99999 99.99999 9.99999 0.0006980 1.0061
2461154.5870339 99.99999 9.99999 99.99999 9.99999 99.99999 9.99999 0.0006981 1.0060
2461154.5872783 99.99999 9.99999 99.99999 9.99999 99.99999 9.99999 0.0006981 1.0059
2461154.5875226 99.99999 9.99999 99.99999 9.99999 -0.39630 0.13554 0.0006981 1.0057
2461154.5878460 1.29598 0.13836 0.94324 0.14459 -0.35274 0.06823 0.0006981 1.0056
2461154.5880906 99.99999 9.99999 99.99999 9.99999 -0.30143 0.07292 0.0006981 1.0055
2461154.5883347 1.22098 0.16778 0.98351 0.17331 -0.23747 0.08265 0.0006981 1.0054
2461154.5885786 99.99999 9.99999 99.99999 9.99999 -0.32278 0.10067 0.0006981 1.0053
2461154.5888229 99.99999 9.99999 99.99999 9.99999 -0.33563 0.09868 0.0006981 1.0052
2461154.5891518 99.99999 9.99999 99.99999 9.99999 99.99999 9.99999 0.0006981 1.0051
2461154.5893960 99.99999 9.99999 99.99999 9.99999 -0.17273 0.10310 0.0006981 1.0050
2461154.5896401 99.99999 9.99999 99.99999 9.99999 99.99999 9.99999 0.0006981 1.0049
2461154.5898849 99.99999 9.99999 99.99999 9.99999 -0.15764 0.14716 0.0006981 1.0048
2461154.5901290 99.99999 9.99999 99.99999 9.99999 99.99999 9.99999 0.0006981 1.0047
2461154.5904423 99.99999 9.99999 99.99999 9.99999 99.99999 9.99999 0.0006981 1.0046
2461154.5911749 99.99999 9.99999 99.99999 9.99999 -0.04495 0.39149 0.0006982 1.0043
2461154.5917374 99.99999 9.99999 99.99999 9.99999 99.99999 9.99999 0.0006982 1.0041
2461154.5922260 99.99999 9.99999 99.99999 9.99999 -0.19977 0.25749 0.0006982 1.0039
2461154.5929764 99.99999 9.99999 99.99999 9.99999 99.99999 9.99999 0.0006982 1.0036
2461154.5932202 99.99999 9.99999 99.99999 9.99999 99.99999 9.99999 0.0006982 1.0035
2461154.5937085 99.99999 9.99999 99.99999 9.99999 -0.28691 0.10491 0.0006982 1.0034
2461154.5939527 99.99999 9.99999 99.99999 9.99999 99.99999 9.99999 0.0006982 1.0033
2461154.5942647 99.99999 9.99999 99.99999 9.99999 99.99999 9.99999 0.0006982 1.0032
2461154.5945090 99.99999 9.99999 99.99999 9.99999 99.99999 9.99999 0.0006982 1.0031
2461154.5949972 99.99999 9.99999 99.99999 9.99999 99.99999 9.99999 0.0006983 1.0030
2461154.5960412 99.99999 9.99999 99.99999 9.99999 99.99999 9.99999 0.0006983 1.0027
2461154.5962853 99.99999 9.99999 99.99999 9.99999 -0.15182 0.13233 0.0006983 1.0026
2461154.5965296 99.99999 9.99999 99.99999 9.99999 99.99999 9.99999 0.0006983 1.0025
2461154.5968444 99.99999 9.99999 99.99999 9.99999 99.99999 9.99999 0.0006983 1.0024
2461154.5970885 99.99999 9.99999 99.99999 9.99999 99.99999 9.99999 0.0006983 1.0024
2461154.5973326 99.99999 9.99999 99.99999 9.99999 -0.11108 0.09475 0.0006983 1.0023
2461154.5975773 99.99999 9.99999 99.99999 9.99999 99.99999 9.99999 0.0006983 1.0022
2461154.5978214 99.99999 9.99999 99.99999 9.99999 -0.13456 0.08411 0.0006983 1.0022
2461154.5981347 99.99999 9.99999 99.99999 9.99999 99.99999 9.99999 0.0006983 1.0021
2461154.5983788 99.99999 9.99999 99.99999 9.99999 -0.21909 0.08821 0.0006983 1.0020
2461154.5986236 99.99999 9.99999 99.99999 9.99999 -0.17902 0.10114 0.0006984 1.0020
2461154.5988676 99.99999 9.99999 99.99999 9.99999 -0.13856 0.09398 0.0006984 1.0019
2461154.5991118 99.99999 9.99999 99.99999 9.99999 99.99999 9.99999 0.0006984 1.0018
2461154.5994224 99.99999 9.99999 99.99999 9.99999 -0.12007 0.09639 0.0006984 1.0018
2461154.5996671 99.99999 9.99999 99.99999 9.99999 -0.19357 0.08359 0.0006984 1.0017
2461154.5999113 99.99999 9.99999 99.99999 9.99999 99.99999 9.99999 0.0006984 1.0017
2461154.6001555 99.99999 9.99999 99.99999 9.99999 99.99999 9.99999 0.0006984 1.0016
2461154.6003996 99.99999 9.99999 99.99999 9.99999 99.99999 9.99999 0.0006984 1.0015
2461154.6007098 99.99999 9.99999 99.99999 9.99999 99.99999 9.99999 0.0006984 1.0015
2461154.6009542 99.99999 9.99999 99.99999 9.99999 99.99999 9.99999 0.0006984 1.0014
2461154.6011984 99.99999 9.99999 99.99999 9.99999 99.99999 9.99999 0.0006984 1.0014
2461154.6014425 99.99999 9.99999 99.99999 9.99999 99.99999 9.99999 0.0006984 1.0013
2461154.6016868 99.99999 9.99999 99.99999 9.99999 99.99999 9.99999 0.0006984 1.0013
2461154.6019995 99.99999 9.99999 99.99999 9.99999 99.99999 9.99999 0.0006984 1.0012
2461154.6022439 99.99999 9.99999 99.99999 9.99999 99.99999 9.99999 0.0006985 1.0012
2461154.6027322 99.99999 9.99999 99.99999 9.99999 99.99999 9.99999 0.0006985 1.0011
2461154.6032902 99.99999 9.99999 99.99999 9.99999 99.99999 9.99999 0.0006985 1.0010
2461154.6035342 99.99999 9.99999 99.99999 9.99999 99.99999 9.99999 0.0006985 1.0009
2461154.6048245 99.99999 9.99999 99.99999 9.99999 99.99999 9.99999 0.0006985 1.0007
2461154.6053129 99.99999 9.99999 99.99999 9.99999 99.99999 9.99999 0.0006985 1.0007
2461154.6055573 99.99999 9.99999 99.99999 9.99999 99.99999 9.99999 0.0006985 1.0006
