JDHEL V-C s1 V-K1 s2 C-K1 s3 HELCOR AIRMASS
Aperture: 4, Filter: IRCUT, JD: heliocentric
2461171.4079899 99.99999 9.99999 99.99999 9.99999 -0.24346 0.02898 0.0011024 1.2359
2461171.4082339 1.65176 0.07661 1.26610 0.07843 -0.38567 0.02919 0.0011024 1.2351
2461171.4084780 1.73391 0.08478 1.31187 0.08666 -0.42204 0.02962 0.0011024 1.2343
2461171.4087221 1.88182 0.09789 1.58129 0.09919 -0.30052 0.02845 0.0011024 1.2335
2461171.4089663 1.80046 0.08257 1.45318 0.08397 -0.34728 0.02690 0.0011024 1.2327
2461171.4095397 99.99999 9.99999 99.99999 9.99999 -0.33098 0.03007 0.0011025 1.2308
2461171.4097840 99.99999 9.99999 99.99999 9.99999 99.99999 9.99999 0.0011025 1.2300
2461171.4100280 1.72956 0.08208 1.40141 0.08357 -0.32815 0.02764 0.0011025 1.2292
2461171.4102721 1.65241 0.09077 1.29768 0.09272 -0.35473 0.03341 0.0011025 1.2284
2461171.4108445 1.64445 0.08668 99.99999 9.99999 99.99999 9.99999 0.0011025 1.2265
2461171.4115768 1.55978 0.08026 1.02435 0.08396 -0.53543 0.03659 0.0011025 1.2242
2461171.4123944 1.54063 0.07058 1.20220 0.07248 -0.33843 0.02888 0.0011025 1.2215
2461171.4128827 1.35734 0.06329 1.03750 0.06481 -0.31984 0.02844 0.0011025 1.2200
2461171.4136988 1.55424 0.07579 1.25411 0.07753 -0.30014 0.02871 0.0011025 1.2174
2461171.4139431 1.53796 0.07180 1.24157 0.07308 -0.29639 0.02711 0.0011026 1.2166
2461171.4141871 1.59816 0.07324 1.19266 0.07529 -0.40550 0.02852 0.0011026 1.2159
2461171.4145160 99.99999 9.99999 99.99999 9.99999 99.99999 9.99999 0.0011026 1.2148
2461171.4147599 99.99999 9.99999 99.99999 9.99999 99.99999 9.99999 0.0011026 1.2141
2461171.4150038 1.54134 0.06601 1.03444 0.06867 -0.50690 0.02897 0.0011026 1.2133
2461171.4152479 1.45902 0.06313 1.11066 0.06524 -0.34837 0.02737 0.0011026 1.2125
2461171.4154921 1.46397 0.06474 1.16372 0.06628 -0.30025 0.02662 0.0011026 1.2118
2461171.4158198 1.57625 0.06461 1.28593 0.06583 -0.29032 0.02397 0.0011026 1.2108
2461171.4160636 1.41489 0.05681 99.99999 9.99999 99.99999 9.99999 0.0011026 1.2100
2461171.4163078 1.30091 0.06739 0.98577 0.06957 -0.31515 0.03216 0.0011026 1.2093
2461171.4165520 99.99999 9.99999 99.99999 9.99999 -0.30279 0.02798 0.0011026 1.2085
2461171.4167961 99.99999 9.99999 1.08002 0.06340 99.99999 9.99999 0.0011026 1.2078
2461171.4171231 99.99999 9.99999 99.99999 9.99999 99.99999 9.99999 0.0011026 1.2068
2461171.4176118 99.99999 9.99999 99.99999 9.99999 99.99999 9.99999 0.0011026 1.2053
2461171.4181004 99.99999 9.99999 99.99999 9.99999 99.99999 9.99999 0.0011026 1.2038
2461171.4186710 99.99999 9.99999 1.02826 0.05396 99.99999 9.99999 0.0011027 1.2021
2461171.4189150 1.34547 0.05229 1.05533 0.05362 -0.29014 0.02407 0.0011027 1.2013
2461171.4191591 99.99999 9.99999 1.09211 0.05728 99.99999 9.99999 0.0011027 1.2006
2461171.4194032 1.51489 0.05782 1.08581 0.05969 -0.42908 0.02465 0.0011027 1.1999
2461171.4202191 1.53063 0.05603 1.08773 0.05789 -0.44290 0.02400 0.0011027 1.1974
2461171.4204631 1.33421 0.04967 0.96355 0.05179 -0.37066 0.02447 0.0011027 1.1967
2461171.4207073 1.29298 0.05071 1.00454 0.05238 -0.28844 0.02408 0.0011027 1.1960
2461171.4212813 1.60179 0.05723 0.98993 0.06023 -0.61186 0.02641 0.0011027 1.1943
2461171.4215252 1.44181 0.05172 99.99999 9.99999 99.99999 9.99999 0.0011027 1.1936
2461171.4217693 1.31540 0.04952 0.85594 0.05195 -0.45946 0.02596 0.0011027 1.1929
2461171.4220132 1.16051 0.04512 0.82860 0.04747 -0.33190 0.02601 0.0011027 1.1922
2461171.4223433 1.26331 0.04601 0.93301 0.04759 -0.33030 0.02295 0.0011027 1.1912
2461171.4225880 1.31609 0.04798 0.95351 0.05009 -0.36257 0.02449 0.0011027 1.1905
2461171.4228321 1.22993 0.04594 0.69248 0.04958 -0.53745 0.02701 0.0011027 1.1898
2461171.4230764 1.15490 0.04473 0.67280 0.04799 -0.48210 0.02674 0.0011028 1.1891
2461171.4233208 1.11626 0.04452 0.73393 0.04682 -0.38233 0.02647 0.0011028 1.1884
2461171.4236480 1.43066 0.06761 99.99999 9.99999 99.99999 9.99999 0.0011028 1.1874
2461171.4246247 99.99999 9.99999 99.99999 9.99999 99.99999 9.99999 0.0011028 1.1846
2461171.4251989 1.22867 0.04575 0.77749 0.04841 -0.45119 0.02683 0.0011028 1.1830
2461171.4254435 1.08885 0.05801 99.99999 9.99999 99.99999 9.99999 0.0011028 1.1823
2461171.4256880 99.99999 9.99999 99.99999 9.99999 99.99999 9.99999 0.0011028 1.1816
2461171.4259326 99.99999 9.99999 0.68797 0.04643 99.99999 9.99999 0.0011028 1.1810
2461171.4261772 99.99999 9.99999 0.74194 0.04701 99.99999 9.99999 0.0011028 1.1803
2461171.4272401 1.30430 0.04538 0.94195 0.04742 -0.36235 0.02345 0.0011028 1.1773
2461171.4274845 1.39675 0.05319 0.95499 0.05544 -0.44176 0.02629 0.0011028 1.1766
2461171.4280584 1.21363 0.05149 99.99999 9.99999 99.99999 9.99999 0.0011029 1.1750
2461171.4283033 1.32909 0.04474 0.91776 0.04683 -0.41133 0.02324 0.0011029 1.1744
2461171.4285475 1.14378 0.04312 0.90957 0.04462 -0.23421 0.02241 0.0011029 1.1737
2461171.4287915 1.08721 0.04327 0.80116 0.04498 -0.28605 0.02423 0.0011029 1.1730
2461171.4293630 0.99805 0.03820 0.74664 0.03985 -0.25141 0.02363 0.0011029 1.1715
2461171.4296071 1.15224 0.04348 0.84875 0.04537 -0.30349 0.02313 0.0011029 1.1708
2461171.4298512 1.32752 0.04481 0.91873 0.04665 -0.40878 0.02234 0.0011029 1.1702
2461171.4300955 1.43564 0.05219 1.06487 0.05361 -0.37078 0.02230 0.0011029 1.1695
2461171.4304259 99.99999 9.99999 99.99999 9.99999 99.99999 9.99999 0.0011029 1.1686
2461171.4309142 1.09661 0.04369 0.86690 0.04513 -0.22971 0.02372 0.0011029 1.1673
2461171.4311587 99.99999 9.99999 99.99999 9.99999 99.99999 9.99999 0.0011029 1.1667
2461171.4314025 1.19782 0.05310 0.85395 0.05569 -0.34387 0.02919 0.0011029 1.1660
2461171.4317289 1.33374 0.04790 0.76995 0.05140 -0.56379 0.02736 0.0011029 1.1651
2461171.4319734 1.25673 0.04572 0.69367 0.04947 -0.56306 0.02707 0.0011029 1.1645
2461171.4322176 1.21436 0.04137 0.76569 0.04376 -0.44867 0.02389 0.0011030 1.1639
2461171.4324615 1.00020 0.03937 0.66097 0.04164 -0.33923 0.02391 0.0011030 1.1632
2461171.4327056 1.18636 0.04212 0.85475 0.04333 -0.33160 0.02168 0.0011030 1.1626
2461171.4332779 0.97234 0.03971 0.56090 0.04282 -0.41144 0.02606 0.0011030 1.1611
2461171.4335221 1.04117 0.04067 0.84081 0.04202 -0.20037 0.02355 0.0011030 1.1604
2461171.4337660 1.19439 0.04071 0.79252 0.04285 -0.40187 0.02263 0.0011030 1.1598
2461171.4340100 1.28928 0.04704 0.84996 0.04949 -0.43931 0.02487 0.0011030 1.1592
2461171.4343391 1.05593 0.04272 0.83158 0.04401 -0.22436 0.02359 0.0011030 1.1583
2461171.4345832 99.99999 9.99999 99.99999 9.99999 99.99999 9.99999 0.0011030 1.1577
2461171.4350715 1.26475 0.05571 99.99999 9.99999 99.99999 9.99999 0.0011030 1.1564
2461171.4353161 1.10494 0.04619 0.90678 0.04726 -0.19816 0.02482 0.0011030 1.1558
2461171.4361335 99.99999 9.99999 99.99999 9.99999 99.99999 9.99999 0.0011030 1.1537
2461171.4363777 1.05640 0.04549 0.66509 0.04810 -0.39131 0.02722 0.0011030 1.1531
2461171.4366218 1.13688 0.04230 0.85359 0.04380 -0.28330 0.02339 0.0011030 1.1525
2461171.4368660 0.99525 0.04069 0.61808 0.04355 -0.37717 0.02623 0.0011031 1.1519
2461171.4371933 99.99999 9.99999 99.99999 9.99999 99.99999 9.99999 0.0011031 1.1511
2461171.4374373 0.74070 0.03922 99.99999 9.99999 99.99999 9.99999 0.0011031 1.1504
2461171.4376811 1.08561 0.05049 99.99999 9.99999 99.99999 9.99999 0.0011031 1.1498
2461171.4379252 1.27551 0.05882 99.99999 9.99999 99.99999 9.99999 0.0011031 1.1492
2461171.4381694 1.08898 0.04908 99.99999 9.99999 99.99999 9.99999 0.0011031 1.1486
2461171.4387438 0.83813 0.04860 99.99999 9.99999 99.99999 9.99999 0.0011031 1.1472
2461171.4389879 99.99999 9.99999 99.99999 9.99999 99.99999 9.99999 0.0011031 1.1466
2461171.4392321 0.98789 0.05130 0.71852 0.05374 -0.26936 0.03118 0.0011031 1.1460
2461171.4394762 0.86278 0.04096 0.58566 0.04347 -0.27711 0.02767 0.0011031 1.1454
2461171.4398042 1.23871 0.04438 0.82551 0.04698 -0.41320 0.02463 0.0011031 1.1446
2461171.4400487 1.08913 0.04215 0.78681 0.04405 -0.30232 0.02358 0.0011031 1.1440
2461171.4407809 1.11662 0.04095 0.77410 0.04275 -0.34251 0.02327 0.0011031 1.1422
2461171.4410252 1.24151 0.04382 0.89325 0.04569 -0.34826 0.02317 0.0011031 1.1416
2461171.4413554 1.00799 0.03887 0.61680 0.04182 -0.39119 0.02591 0.0011032 1.1408
2461171.4415997 1.12350 0.04848 0.76138 0.05106 -0.36213 0.02777 0.0011032 1.1402
2461171.4423327 99.99999 9.99999 99.99999 9.99999 -0.22095 0.02388 0.0011032 1.1385
2461171.4426621 99.99999 9.99999 99.99999 9.99999 -0.35395 0.02891 0.0011032 1.1377
2461171.4431508 0.99798 0.03856 0.73158 0.04029 -0.26641 0.02346 0.0011032 1.1366
2461171.4433951 1.08612 0.03988 0.75848 0.04156 -0.32764 0.02272 0.0011032 1.1360
2461171.4436392 1.19723 0.04205 0.84443 0.04381 -0.35280 0.02220 0.0011032 1.1354
2461171.4438834 0.99363 0.03681 0.56697 0.03958 -0.42666 0.02442 0.0011032 1.1348
2461171.4446999 0.90746 0.04308 0.62081 0.04540 -0.28664 0.02797 0.0011032 1.1329
2461171.4449445 99.99999 9.99999 0.61571 0.04665 99.99999 9.99999 0.0011032 1.1324
2461171.4451887 99.99999 9.99999 99.99999 9.99999 99.99999 9.99999 0.0011032 1.1318
2461171.4454328 99.99999 9.99999 99.99999 9.99999 -0.50376 0.02848 0.0011032 1.1312
2461171.4457631 1.20966 0.04163 0.86485 0.04362 -0.34481 0.02249 0.0011032 1.1305
2461171.4460076 1.32218 0.04597 0.91207 0.04801 -0.41010 0.02316 0.0011033 1.1299
2461171.4462517 99.99999 9.99999 99.99999 9.99999 -0.21579 0.02460 0.0011033 1.1294
2461171.4464958 1.04464 0.04127 0.79638 0.04279 -0.24826 0.02382 0.0011033 1.1288
2461171.4467400 1.09697 0.04022 0.77747 0.04215 -0.31951 0.02336 0.0011033 1.1283
2461171.4470698 1.16691 0.04192 0.92089 0.04332 -0.24602 0.02248 0.0011033 1.1275
2461171.4480455 0.95451 0.04448 0.80125 0.04547 -0.15326 0.02560 0.0011033 1.1253
2461171.4482896 1.03695 0.04279 99.99999 9.99999 99.99999 9.99999 0.0011033 1.1248
2461171.4486197 1.21039 0.04889 0.97932 0.05033 -0.23107 0.02456 0.0011033 1.1240
2461171.4488641 1.13359 0.04460 0.87249 0.04609 -0.26109 0.02379 0.0011033 1.1235
2461171.4491081 1.10976 0.04242 0.66343 0.04544 -0.44633 0.02610 0.0011033 1.1229
2461171.4495962 1.09621 0.04235 99.99999 9.99999 99.99999 9.99999 0.0011033 1.1219
2461171.4498406 1.16985 0.04077 0.79368 0.04281 -0.37618 0.02254 0.0011033 1.1213
2461171.4501711 1.23845 0.04136 0.88826 0.04307 -0.35019 0.02189 0.0011033 1.1206
2461171.4504155 1.20528 0.04059 0.85421 0.04236 -0.35107 0.02205 0.0011033 1.1201
2461171.4506594 1.24642 0.04132 0.83116 0.04375 -0.41526 0.02288 0.0011034 1.1195
2461171.4509036 1.03904 0.03891 0.76022 0.04078 -0.27882 0.02285 0.0011034 1.1190
2461171.4511478 1.22473 0.04308 0.94223 0.04434 -0.28250 0.02160 0.0011034 1.1185
2461171.4514796 99.99999 9.99999 0.79755 0.04944 99.99999 9.99999 0.0011034 1.1178
2461171.4517236 1.28319 0.04455 0.94767 0.04606 -0.33552 0.02229 0.0011034 1.1172
2461171.4524565 1.00176 0.04195 0.63461 0.04452 -0.36716 0.02669 0.0011034 1.1157
2461171.4527880 1.13591 0.04384 0.78595 0.04611 -0.34996 0.02488 0.0011034 1.1150
2461171.4530323 99.99999 9.99999 99.99999 9.99999 -0.25181 0.02474 0.0011034 1.1144
2461171.4535203 1.23457 0.04099 0.82902 0.04299 -0.40556 0.02282 0.0011034 1.1134
2461171.4537644 1.00965 0.04094 0.74392 0.04266 -0.26573 0.02370 0.0011034 1.1129
2461171.4540918 1.19961 0.04134 0.86147 0.04304 -0.33815 0.02165 0.0011034 1.1122
2461171.4543363 1.19157 0.03884 0.88699 0.04053 -0.30457 0.02118 0.0011034 1.1117
2461171.4545803 1.16366 0.03773 0.77697 0.03999 -0.38669 0.02161 0.0011034 1.1112
2461171.4548246 1.19709 0.03930 0.88685 0.04077 -0.31025 0.02047 0.0011034 1.1107
2461171.4553768 1.38200 0.04793 0.99896 0.04972 -0.38305 0.02264 0.0011035 1.1095
2461171.4556216 1.11007 0.04060 0.75395 0.04272 -0.35612 0.02362 0.0011035 1.1090
2461171.4558658 99.99999 9.99999 99.99999 9.99999 99.99999 9.99999 0.0011035 1.1085
2461171.4561099 1.13137 0.05029 0.74829 0.05346 -0.38307 0.03065 0.0011035 1.1080
2461171.4563541 1.09725 0.04838 0.96193 0.04942 -0.13533 0.02619 0.0011035 1.1075
2461171.4569285 1.24655 0.04318 0.89512 0.04506 -0.35143 0.02251 0.0011035 1.1063
2461171.4571726 1.20885 0.04390 0.84411 0.04598 -0.36474 0.02344 0.0011035 1.1058
2461171.4574168 0.96818 0.03676 0.62879 0.03873 -0.33939 0.02338 0.0011035 1.1053
2461171.4576609 1.07829 0.04036 0.71147 0.04268 -0.36682 0.02392 0.0011035 1.1049
2461171.4582349 0.99662 0.04267 99.99999 9.99999 99.99999 9.99999 0.0011035 1.1037
2461171.4584787 1.20284 0.03986 0.75785 0.04248 -0.44499 0.02240 0.0011035 1.1032
2461171.4589667 1.28042 0.04817 0.91028 0.05004 -0.37013 0.02406 0.0011035 1.1022
2461171.4592976 1.21115 0.04221 0.88940 0.04378 -0.32175 0.02195 0.0011035 1.1016
2461171.4595414 1.11730 0.03767 0.66260 0.04025 -0.45470 0.02280 0.0011035 1.1011
2461171.4597857 99.99999 9.99999 99.99999 9.99999 -0.46064 0.02332 0.0011036 1.1006
2461171.4600298 99.99999 9.99999 0.89506 0.05733 99.99999 9.99999 0.0011036 1.1001
2461171.4602739 1.09933 0.04362 99.99999 9.99999 99.99999 9.99999 0.0011036 1.0997
2461171.4608490 1.27716 0.04394 0.91302 0.04570 -0.36414 0.02236 0.0011036 1.0985
2461171.4613371 1.30745 0.04372 0.91707 0.04576 -0.39038 0.02231 0.0011036 1.0976
2461171.4618911 99.99999 9.99999 99.99999 9.99999 -0.41053 0.02126 0.0011036 1.0965
2461171.4621357 1.14423 0.03997 0.79085 0.04204 -0.35338 0.02263 0.0011036 1.0961
2461171.4623799 1.28259 0.04822 0.85917 0.05058 -0.42342 0.02484 0.0011036 1.0956
2461171.4626241 1.42044 0.05665 99.99999 9.99999 99.99999 9.99999 0.0011036 1.0951
2461171.4628680 99.99999 9.99999 0.67185 0.04864 99.99999 9.99999 0.0011036 1.0947
2461171.4631993 99.99999 9.99999 0.78995 0.04721 99.99999 9.99999 0.0011036 1.0940
2461171.4634437 0.93389 0.03679 0.54851 0.03998 -0.38539 0.02621 0.0011036 1.0936
2461171.4636880 1.13185 0.04637 99.99999 9.99999 99.99999 9.99999 0.0011036 1.0931
2461171.4639325 1.03501 0.04062 0.81949 0.04180 -0.21552 0.02323 0.0011036 1.0926
2461171.4641766 1.23970 0.04038 0.90467 0.04194 -0.33504 0.02093 0.0011036 1.0922
2461171.4645034 99.99999 9.99999 0.85535 0.05036 99.99999 9.99999 0.0011037 1.0916
2461171.4647481 99.99999 9.99999 99.99999 9.99999 -0.32418 0.02394 0.0011037 1.0911
2461171.4649924 1.26047 0.04435 0.97600 0.04563 -0.28448 0.02139 0.0011037 1.0907
2461171.4652364 1.26792 0.04258 0.94276 0.04423 -0.32516 0.02183 0.0011037 1.0902
2461171.4654805 1.31997 0.04332 0.92165 0.04509 -0.39832 0.02184 0.0011037 1.0898
2461171.4658110 1.13447 0.03987 0.76949 0.04196 -0.36498 0.02238 0.0011037 1.0892
2461171.4660551 0.98651 0.03892 0.62880 0.04138 -0.35771 0.02478 0.0011037 1.0887
2461171.4665435 99.99999 9.99999 0.88858 0.05111 99.99999 9.99999 0.0011037 1.0878
2461171.4670923 1.30011 0.04263 0.95249 0.04404 -0.34762 0.02085 0.0011037 1.0868
2461171.4673363 0.97885 0.03908 0.79520 0.03991 -0.18364 0.02247 0.0011037 1.0864
2461171.4675805 1.17800 0.04280 0.80890 0.04480 -0.36910 0.02293 0.0011037 1.0859
2461171.4678244 1.23989 0.04286 0.80669 0.04528 -0.43320 0.02360 0.0011037 1.0855
2461171.4680685 1.07738 0.04006 0.78837 0.04159 -0.28901 0.02249 0.0011037 1.0851
2461171.4683987 99.99999 9.99999 99.99999 9.99999 -0.33457 0.02139 0.0011037 1.0845
2461171.4686429 1.12577 0.04133 0.88280 0.04294 -0.24297 0.02207 0.0011037 1.0840
2461171.4688871 1.30279 0.04445 0.98590 0.04588 -0.31689 0.02121 0.0011038 1.0836
2461171.4691311 1.27425 0.05041 0.87749 0.05316 -0.39676 0.02639 0.0011038 1.0832
2461171.4693750 1.14306 0.05081 0.84036 0.05310 -0.30270 0.02862 0.0011038 1.0828
2461171.4697045 99.99999 9.99999 99.99999 9.99999 99.99999 9.99999 0.0011038 1.0822
2461171.4701922 1.08696 0.05144 0.84448 0.05299 -0.24248 0.02799 0.0011038 1.0813
2461171.4704366 99.99999 9.99999 0.84815 0.04735 99.99999 9.99999 0.0011038 1.0809
2461171.4706806 1.19187 0.04312 99.99999 9.99999 99.99999 9.99999 0.0011038 1.0805
2461171.4709253 1.12072 0.04150 0.84409 0.04298 -0.27663 0.02298 0.0011038 1.0801
2461171.4712560 1.04799 0.03935 0.81730 0.04046 -0.23069 0.02150 0.0011038 1.0795
2461171.4715003 1.27570 0.04146 0.91396 0.04296 -0.36174 0.02078 0.0011038 1.0791
2461171.4717445 1.31721 0.04318 0.90985 0.04503 -0.40736 0.02176 0.0011038 1.0786
2461171.4719886 1.30522 0.04438 0.92121 0.04618 -0.38401 0.02257 0.0011038 1.0782
2461171.4722328 1.13419 0.04480 0.74754 0.04734 -0.38665 0.02601 0.0011038 1.0778
2461171.4725630 99.99999 9.99999 99.99999 9.99999 99.99999 9.99999 0.0011038 1.0773
2461171.4728069 99.99999 9.99999 99.99999 9.99999 99.99999 9.99999 0.0011038 1.0768
2461171.4730509 1.12264 0.03860 99.99999 9.99999 99.99999 9.99999 0.0011038 1.0764
2461171.4732952 99.99999 9.99999 0.84921 0.05126 99.99999 9.99999 0.0011038 1.0760
2461171.4735392 1.07363 0.03904 0.63073 0.04190 -0.44290 0.02433 0.0011039 1.0756
2461171.4738695 1.11570 0.03843 0.82434 0.03987 -0.29136 0.02216 0.0011039 1.0751
2461171.4743577 1.34258 0.04527 99.99999 9.99999 99.99999 9.99999 0.0011039 1.0742
2461171.4746019 1.29354 0.04121 0.98446 0.04264 -0.30908 0.02014 0.0011039 1.0738
2461171.4748459 1.39455 0.04564 1.08778 0.04692 -0.30677 0.02042 0.0011039 1.0734
2461171.4750900 1.34962 0.04200 1.07148 0.04315 -0.27814 0.02018 0.0011039 1.0730
2461171.4754166 1.27664 0.04571 0.94591 0.04722 -0.33073 0.02191 0.0011039 1.0725
2461171.4761494 99.99999 9.99999 99.99999 9.99999 -0.49145 0.02416 0.0011039 1.0713
2461171.4767205 1.13793 0.04636 0.78791 0.04899 -0.35003 0.02648 0.0011039 1.0704
2461171.4769647 1.34648 0.05048 99.99999 9.99999 99.99999 9.99999 0.0011039 1.0700
2461171.4772089 1.26280 0.04419 0.88980 0.04603 -0.37300 0.02291 0.0011039 1.0696
2461171.4774530 1.36633 0.04539 0.82497 0.04831 -0.54136 0.02446 0.0011039 1.0692
2461171.4776971 1.49800 0.05812 99.99999 9.99999 99.99999 9.99999 0.0011039 1.0688
2461171.4780273 1.44856 0.05625 1.03800 0.05831 -0.41056 0.02568 0.0011039 1.0683
2461171.4782715 1.31661 0.04694 99.99999 9.99999 99.99999 9.99999 0.0011040 1.0679
2461171.4785156 1.22672 0.03875 0.83147 0.04060 -0.39525 0.02115 0.0011040 1.0675
2461171.4787597 1.35183 0.04555 1.00495 0.04713 -0.34688 0.02125 0.0011040 1.0672
2461171.4790036 1.39186 0.04622 1.12359 0.04705 -0.26826 0.01975 0.0011040 1.0668
2461171.4793350 1.23176 0.04626 99.99999 9.99999 99.99999 9.99999 0.0011040 1.0663
2461171.4795797 1.12876 0.04567 0.82402 0.04721 -0.30474 0.02415 0.0011040 1.0659
2461171.4798239 99.99999 9.99999 99.99999 9.99999 99.99999 9.99999 0.0011040 1.0655
2461171.4800681 99.99999 9.99999 99.99999 9.99999 99.99999 9.99999 0.0011040 1.0651
2461171.4806203 99.99999 9.99999 0.96575 0.05903 99.99999 9.99999 0.0011040 1.0643
2461171.4808641 99.99999 9.99999 1.03026 0.05337 99.99999 9.99999 0.0011040 1.0639
2461171.4811083 1.67274 0.05901 99.99999 9.99999 99.99999 9.99999 0.0011040 1.0635
2461171.4813524 1.41991 0.04926 1.07328 0.05071 -0.34663 0.02191 0.0011040 1.0632
2461171.4815967 1.47935 0.05250 1.06478 0.05416 -0.41457 0.02222 0.0011040 1.0628
2461171.4819242 1.60431 0.05574 1.26170 0.05710 -0.34262 0.02156 0.0011040 1.0623
2461171.4821685 1.51822 0.05437 1.23050 0.05565 -0.28773 0.02202 0.0011040 1.0619
2461171.4824126 1.50423 0.05186 1.17635 0.05346 -0.32788 0.02165 0.0011040 1.0616
2461171.4826568 1.56180 0.05240 1.15320 0.05400 -0.40860 0.02220 0.0011041 1.0612
2461171.4829009 1.58652 0.05926 99.99999 9.99999 99.99999 9.99999 0.0011041 1.0609
2461171.4832287 1.60995 0.05544 1.26452 0.05668 -0.34543 0.02166 0.0011041 1.0604
2461171.4837171 99.99999 9.99999 1.14159 0.05542 99.99999 9.99999 0.0011041 1.0596
2461171.4839611 1.48141 0.05170 1.04041 0.05369 -0.44100 0.02311 0.0011041 1.0593
2461171.4842053 1.57071 0.05619 1.22634 0.05742 -0.34437 0.02144 0.0011041 1.0589
2461171.4845349 1.41032 0.05452 99.99999 9.99999 99.99999 9.99999 0.0011041 1.0585
2461171.4847790 1.42777 0.04996 1.14633 0.05112 -0.28144 0.02193 0.0011041 1.0581
2461171.4850231 1.55327 0.05558 1.30514 0.05637 -0.24812 0.02113 0.0011041 1.0577
2461171.4852673 1.53512 0.05298 1.25150 0.05408 -0.28362 0.02065 0.0011041 1.0574
2461171.4855115 1.73982 0.06040 1.36067 0.06158 -0.37916 0.02053 0.0011041 1.0570
2461171.4858431 1.46628 0.05766 1.18804 0.05873 -0.27824 0.02317 0.0011041 1.0566
2461171.4860879 1.51420 0.05785 99.99999 9.99999 99.99999 9.99999 0.0011041 1.0562
2461171.4863318 99.99999 9.99999 99.99999 9.99999 -0.34075 0.02536 0.0011041 1.0559
2461171.4865760 1.45804 0.06409 1.17804 0.06565 -0.28000 0.02685 0.0011041 1.0555
2461171.4868201 1.48294 0.06024 1.28531 0.06127 -0.19763 0.02335 0.0011041 1.0552
2461171.4871489 1.59916 0.06009 1.33191 0.06117 -0.26726 0.02209 0.0011041 1.0547
2461171.4873931 99.99999 9.99999 1.29967 0.06475 99.99999 9.99999 0.0011042 1.0544
2461171.4876371 99.99999 9.99999 99.99999 9.99999 99.99999 9.99999 0.0011042 1.0541
2461171.4878812 1.59463 0.06414 99.99999 9.99999 99.99999 9.99999 0.0011042 1.0537
2461171.4881255 1.47641 0.05103 1.21195 0.05207 -0.26446 0.02070 0.0011042 1.0534
2461171.4884565 1.57666 0.05346 1.28377 0.05449 -0.29290 0.02023 0.0011042 1.0529
2461171.4887010 1.67306 0.05953 1.38973 0.06060 -0.28333 0.02079 0.0011042 1.0526
2461171.4891894 1.74691 0.05899 1.35019 0.06040 -0.39672 0.02047 0.0011042 1.0519
2461171.4894335 1.86739 0.06808 1.50829 0.06906 -0.35911 0.01996 0.0011042 1.0516
2461171.4897620 1.59989 0.05482 1.24819 0.05607 -0.35170 0.02118 0.0011042 1.0511
2461171.4900059 1.47550 0.05853 99.99999 9.99999 99.99999 9.99999 0.0011042 1.0508
2461171.4907378 99.99999 9.99999 1.24362 0.05581 99.99999 9.99999 0.0011042 1.0498
2461171.4910692 1.74016 0.05962 1.39093 0.06056 -0.34923 0.02002 0.0011042 1.0494
2461171.4915574 1.37573 0.04819 1.00028 0.05020 -0.37545 0.02316 0.0011042 1.0488
2461171.4918013 1.39917 0.04925 1.05044 0.05080 -0.34873 0.02256 0.0011042 1.0484
2461171.4920456 1.62517 0.05602 1.28979 0.05722 -0.33538 0.02064 0.0011043 1.0481
2461171.4923759 1.65625 0.07068 1.52951 0.07133 -0.12674 0.02277 0.0011043 1.0477
2461171.4926201 1.64556 0.06845 99.99999 9.99999 99.99999 9.99999 0.0011043 1.0474
2461171.4928641 1.57918 0.05691 1.28281 0.05833 -0.29638 0.02216 0.0011043 1.0471
2461171.4931081 99.99999 9.99999 99.99999 9.99999 99.99999 9.99999 0.0011043 1.0467
2461171.4933524 1.83420 0.07142 99.99999 9.99999 99.99999 9.99999 0.0011043 1.0464
2461171.4936803 1.57844 0.07127 1.35207 0.07226 -0.22637 0.02522 0.0011043 1.0460
2461171.4939247 1.84239 0.07167 99.99999 9.99999 99.99999 9.99999 0.0011043 1.0457
2461171.4944129 1.65825 0.05259 99.99999 9.99999 99.99999 9.99999 0.0011043 1.0451
2461171.4946570 1.45970 0.05197 1.05856 0.05365 -0.40114 0.02271 0.0011043 1.0448
2461171.4949879 99.99999 9.99999 99.99999 9.99999 -0.29963 0.02331 0.0011043 1.0444
2461171.4952322 1.51787 0.05163 1.17786 0.05265 -0.34001 0.02064 0.0011043 1.0441
2461171.4954763 1.52477 0.05483 1.32530 0.05556 -0.19948 0.02047 0.0011043 1.0438
2461171.4957203 1.63018 0.05687 1.38533 0.05773 -0.24485 0.02000 0.0011043 1.0435
2461171.4959646 1.74195 0.05956 1.30113 0.06107 -0.44083 0.02119 0.0011043 1.0432
2461171.4962952 1.76873 0.06598 1.34483 0.06756 -0.42390 0.02310 0.0011043 1.0427
2461171.4965395 1.61713 0.05557 1.23884 0.05683 -0.37829 0.02129 0.0011044 1.0424
2461171.4967836 1.67463 0.06032 1.34677 0.06132 -0.32786 0.02049 0.0011044 1.0422
2461171.4970275 1.70322 0.05862 1.42465 0.05934 -0.27857 0.01975 0.0011044 1.0419
2461171.4975161 1.82478 0.06835 99.99999 9.99999 99.99999 9.99999 0.0011044 1.0413
2461171.4978441 99.99999 9.99999 1.38992 0.06776 99.99999 9.99999 0.0011044 1.0409
2461171.4980886 1.79909 0.06073 99.99999 9.99999 99.99999 9.99999 0.0011044 1.0406
2461171.4983327 1.68965 0.05901 1.28759 0.06049 -0.40206 0.02211 0.0011044 1.0403
2461171.4991297 99.99999 9.99999 99.99999 9.99999 99.99999 9.99999 0.0011044 1.0394
2461171.4993738 1.70876 0.06700 1.45948 0.06787 -0.24928 0.02204 0.0011044 1.0391
2461171.4996182 1.81734 0.06643 1.46989 0.06741 -0.34744 0.02055 0.0011044 1.0388
2461171.4998621 1.55859 0.05521 99.99999 9.99999 99.99999 9.99999 0.0011044 1.0385
2461171.5001062 1.77579 0.06038 1.36000 0.06178 -0.41578 0.02067 0.0011044 1.0382
2461171.5004366 99.99999 9.99999 99.99999 9.99999 99.99999 9.99999 0.0011044 1.0378
2461171.5006812 1.43239 0.05593 99.99999 9.99999 99.99999 9.99999 0.0011044 1.0376
2461171.5009255 99.99999 9.99999 1.28069 0.06713 99.99999 9.99999 0.0011044 1.0373
2461171.5011695 1.75718 0.07080 1.43830 0.07200 -0.31888 0.02377 0.0011045 1.0370
2461171.5014137 1.58982 0.06026 1.40018 0.06084 -0.18964 0.02070 0.0011045 1.0367
2461171.5017456 1.73201 0.06118 1.38389 0.06227 -0.34812 0.02090 0.0011045 1.0364
2461171.5019902 1.65429 0.06188 1.31224 0.06296 -0.34205 0.02225 0.0011045 1.0361
2461171.5022342 1.61606 0.06067 1.33567 0.06178 -0.28039 0.02252 0.0011045 1.0358
2461171.5024783 1.84405 0.06898 1.48617 0.07008 -0.35788 0.02178 0.0011045 1.0355
2461171.5027226 1.62846 0.05571 1.29827 0.05688 -0.33018 0.02128 0.0011045 1.0353
2461171.5032976 1.63478 0.05761 1.33795 0.05865 -0.29683 0.02118 0.0011045 1.0346
2461171.5035416 1.76979 0.06526 1.41249 0.06659 -0.35730 0.02231 0.0011045 1.0344
2461171.5037856 1.66432 0.06138 1.24335 0.06300 -0.42098 0.02362 0.0011045 1.0341
2461171.5040298 99.99999 9.99999 1.49454 0.08446 99.99999 9.99999 0.0011045 1.0338
2461171.5043605 99.99999 9.99999 1.05705 0.06104 99.99999 9.99999 0.0011045 1.0335
2461171.5046044 1.66830 0.05955 1.42595 0.06036 -0.24234 0.02043 0.0011045 1.0332
2461171.5048486 99.99999 9.99999 1.14040 0.05524 99.99999 9.99999 0.0011045 1.0330
2461171.5050928 1.81786 0.06139 1.44730 0.06258 -0.37057 0.02037 0.0011045 1.0327
2461171.5053369 1.68141 0.05972 1.30221 0.06105 -0.37920 0.02152 0.0011045 1.0324
2461171.5056686 1.95888 0.07265 1.60526 0.07341 -0.35361 0.01973 0.0011046 1.0321
2461171.5059130 1.78773 0.06851 1.45099 0.06961 -0.33675 0.02202 0.0011046 1.0318
2461171.5061570 1.59877 0.05789 1.20510 0.05942 -0.39367 0.02218 0.0011046 1.0316
2461171.5064011 1.46309 0.05072 1.08606 0.05283 -0.37704 0.02339 0.0011046 1.0313
2461171.5066449 99.99999 9.99999 99.99999 9.99999 -0.30313 0.02314 0.0011046 1.0311
2461171.5072205 99.99999 9.99999 1.11894 0.07011 99.99999 9.99999 0.0011046 1.0305
2461171.5074651 1.57554 0.05973 1.18635 0.06153 -0.38918 0.02438 0.0011046 1.0302
2461171.5077096 99.99999 9.99999 1.32679 0.07075 99.99999 9.99999 0.0011046 1.0300
2461171.5079538 1.64889 0.06705 1.37789 0.06804 -0.27100 0.02331 0.0011046 1.0297
2461171.5082839 1.73113 0.06725 1.41772 0.06827 -0.31341 0.02196 0.0011046 1.0294
2461171.5085283 99.99999 9.99999 99.99999 9.99999 99.99999 9.99999 0.0011046 1.0292
2461171.5087724 1.86714 0.06686 1.58933 0.06751 -0.27780 0.01912 0.0011046 1.0289
2461171.5090166 1.80521 0.06124 1.35792 0.06268 -0.44730 0.02067 0.0011046 1.0287
2461171.5092604 1.84598 0.06641 1.45675 0.06764 -0.38923 0.02127 0.0011046 1.0284
2461171.5098327 1.58722 0.06390 1.36990 0.06479 -0.21733 0.02279 0.0011046 1.0279
2461171.5103209 1.69997 0.07122 1.49972 0.07187 -0.20025 0.02234 0.0011047 1.0274
2461171.5105654 1.73382 0.07264 1.46446 0.07357 -0.26936 0.02326 0.0011047 1.0272
2461171.5111371 1.66043 0.08096 1.23562 0.08325 -0.42481 0.03159 0.0011047 1.0266
2461171.5113812 99.99999 9.99999 1.42848 0.09563 99.99999 9.99999 0.0011047 1.0264
2461171.5116254 99.99999 9.99999 99.99999 9.99999 -0.24638 0.02798 0.0011047 1.0262
2461171.5118696 1.53889 0.08799 1.34736 0.08912 -0.19153 0.03212 0.0011047 1.0259
2461171.5121985 1.78066 0.09550 1.40614 0.09729 -0.37453 0.03101 0.0011047 1.0256
2461171.5124426 1.78827 0.10009 1.41714 0.10152 -0.37113 0.03199 0.0011047 1.0254
2461171.5126868 2.09885 0.14591 1.67411 0.14782 -0.42474 0.03679 0.0011047 1.0252
2461171.5129311 1.53585 0.10401 1.14887 0.10715 -0.38698 0.04211 0.0011047 1.0249
2461171.5131756 1.68260 0.10834 1.35921 0.10982 -0.32339 0.03682 0.0011047 1.0247
2461171.5135079 1.50727 0.12520 1.30107 0.12697 -0.20620 0.04733 0.0011047 1.0244
2461171.5137525 99.99999 9.99999 1.52189 0.14130 99.99999 9.99999 0.0011047 1.0242
2461171.5139966 1.68405 0.10254 1.26486 0.10497 -0.41919 0.03632 0.0011047 1.0240
2461171.5142411 1.73149 0.10358 1.31805 0.10611 -0.41344 0.03706 0.0011047 1.0238
2461171.5144853 1.83068 0.09358 1.46293 0.09497 -0.36775 0.02852 0.0011047 1.0235
2461171.5148123 1.75680 0.08151 1.36241 0.08299 -0.39440 0.02701 0.0011048 1.0232
2461171.5150568 1.52469 0.07181 1.40771 0.07214 -0.11698 0.02518 0.0011048 1.0230
2461171.5153011 99.99999 9.99999 99.99999 9.99999 99.99999 9.99999 0.0011048 1.0228
2461171.5155451 1.65319 0.06013 1.25253 0.06165 -0.40065 0.02275 0.0011048 1.0226
2461171.5157892 1.77716 0.07110 1.45614 0.07218 -0.32102 0.02298 0.0011048 1.0224
2461171.5161162 99.99999 9.99999 99.99999 9.99999 -0.45838 0.02337 0.0011048 1.0221
2461171.5163607 99.99999 9.99999 99.99999 9.99999 -0.38659 0.02042 0.0011048 1.0219
2461171.5166047 99.99999 9.99999 99.99999 9.99999 -0.34259 0.02029 0.0011048 1.0217
2461171.5168489 2.01229 0.07408 1.56736 0.07515 -0.44494 0.02099 0.0011048 1.0215
2461171.5170930 1.92140 0.06792 1.48701 0.06931 -0.43439 0.02169 0.0011048 1.0213
2461171.5174225 1.85881 0.06769 1.48578 0.06893 -0.37302 0.02115 0.0011048 1.0210
2461171.5176665 1.74868 0.06676 1.33042 0.06815 -0.41826 0.02361 0.0011048 1.0208
2461171.5181544 99.99999 9.99999 99.99999 9.99999 99.99999 9.99999 0.0011048 1.0204
2461171.5183991 99.99999 9.99999 99.99999 9.99999 99.99999 9.99999 0.0011048 1.0202
2461171.5186434 99.99999 9.99999 99.99999 9.99999 99.99999 9.99999 0.0011048 1.0200
2461171.5189715 1.92375 0.07217 1.45433 0.07354 -0.46941 0.02257 0.0011048 1.0197
2461171.5192159 1.57100 0.05541 1.26970 0.05665 -0.30130 0.02181 0.0011048 1.0195
2461171.5194601 99.99999 9.99999 99.99999 9.99999 -0.26830 0.02145 0.0011049 1.0193
2461171.5197042 1.65484 0.05960 1.44435 0.06039 -0.21049 0.02051 0.0011049 1.0191
2461171.5199483 1.70437 0.05833 1.41100 0.05957 -0.29337 0.02034 0.0011049 1.0189
2461171.5202797 1.81338 0.05984 1.47786 0.06067 -0.33552 0.01905 0.0011049 1.0187
2461171.5205238 1.91932 0.06934 1.53054 0.07025 -0.38878 0.01958 0.0011049 1.0185
2461171.5207680 99.99999 9.99999 99.99999 9.99999 -0.35162 0.02304 0.0011049 1.0183
2461171.5210124 2.07887 0.08257 99.99999 9.99999 99.99999 9.99999 0.0011049 1.0181
2461171.5212564 1.71417 0.07441 99.99999 9.99999 99.99999 9.99999 0.0011049 1.0179
2461171.5215870 99.99999 9.99999 99.99999 9.99999 99.99999 9.99999 0.0011049 1.0176
2461171.5218315 99.99999 9.99999 99.99999 9.99999 99.99999 9.99999 0.0011049 1.0174
2461171.5220754 99.99999 9.99999 99.99999 9.99999 99.99999 9.99999 0.0011049 1.0173
2461171.5223196 2.05202 0.10712 99.99999 9.99999 99.99999 9.99999 0.0011049 1.0171
2461171.5225639 1.76036 0.06288 99.99999 9.99999 99.99999 9.99999 0.0011049 1.0169
2461171.5228944 1.80003 0.06819 1.48883 0.06910 -0.31120 0.02101 0.0011049 1.0166
2461171.5231390 99.99999 9.99999 99.99999 9.99999 -0.34912 0.02123 0.0011049 1.0165
2461171.5233835 1.70520 0.05703 1.37954 0.05794 -0.32566 0.02021 0.0011049 1.0163
2461171.5236280 1.63366 0.05930 1.41338 0.05995 -0.22028 0.02031 0.0011049 1.0161
2461171.5238725 1.41956 0.04797 1.18852 0.04902 -0.23104 0.02004 0.0011049 1.0159
2461171.5242038 1.75268 0.05664 1.44860 0.05744 -0.30408 0.01843 0.0011050 1.0157
2461171.5244478 1.66773 0.05166 99.99999 9.99999 99.99999 9.99999 0.0011050 1.0155
2461171.5246919 99.99999 9.99999 1.26446 0.06484 99.99999 9.99999 0.0011050 1.0153
2461171.5251807 1.63541 0.06245 99.99999 9.99999 99.99999 9.99999 0.0011050 1.0150
2461171.5255124 99.99999 9.99999 1.56728 0.06881 99.99999 9.99999 0.0011050 1.0148
2461171.5257572 1.73337 0.06368 1.48985 0.06446 -0.24353 0.02093 0.0011050 1.0146
2461171.5260012 1.66703 0.07686 1.29778 0.07868 -0.36925 0.02878 0.0011050 1.0144
2461171.5262451 1.58711 0.06133 1.31541 0.06236 -0.27171 0.02349 0.0011050 1.0142
2461171.5264896 1.67883 0.06522 1.33149 0.06639 -0.34733 0.02285 0.0011050 1.0141
2461171.5268212 1.75596 0.06278 1.32219 0.06408 -0.43378 0.02127 0.0011050 1.0139
2461171.5270657 1.70624 0.05973 1.34100 0.06088 -0.36524 0.02090 0.0011050 1.0137
2461171.5273100 1.76479 0.05964 1.30246 0.06116 -0.46233 0.02122 0.0011050 1.0135
2461171.5275541 1.61340 0.05271 1.28310 0.05383 -0.33031 0.01981 0.0011050 1.0134
2461171.5277981 1.78251 0.07018 99.99999 9.99999 99.99999 9.99999 0.0011050 1.0132
2461171.5281298 99.99999 9.99999 99.99999 9.99999 99.99999 9.99999 0.0011050 1.0130
2461171.5283738 99.99999 9.99999 99.99999 9.99999 -0.28428 0.02280 0.0011050 1.0128
2461171.5286176 99.99999 9.99999 99.99999 9.99999 -0.17902 0.02362 0.0011051 1.0127
2461171.5288618 99.99999 9.99999 99.99999 9.99999 99.99999 9.99999 0.0011051 1.0125
2461171.5291060 99.99999 9.99999 1.09618 0.05931 99.99999 9.99999 0.0011051 1.0123
2461171.5294381 1.68754 0.05672 1.39286 0.05751 -0.29468 0.01956 0.0011051 1.0121
2461171.5299266 1.67543 0.05752 1.26739 0.05904 -0.40804 0.02141 0.0011051 1.0118
2461171.5301708 1.67329 0.05746 1.28127 0.05888 -0.39202 0.02216 0.0011051 1.0117
2461171.5304150 1.73858 0.06666 1.33453 0.06813 -0.40404 0.02342 0.0011051 1.0115
2461171.5309918 1.50448 0.05839 1.23047 0.05910 -0.27401 0.02359 0.0011051 1.0112
2461171.5312359 1.51262 0.05884 1.29940 0.05959 -0.21322 0.02264 0.0011051 1.0110
2461171.5314802 1.61161 0.06699 1.47293 0.06762 -0.13868 0.02305 0.0011051 1.0109
2461171.5317245 1.59272 0.05621 99.99999 9.99999 99.99999 9.99999 0.0011051 1.0107
2461171.5320558 99.99999 9.99999 99.99999 9.99999 99.99999 9.99999 0.0011051 1.0105
2461171.5322999 99.99999 9.99999 1.35145 0.07605 99.99999 9.99999 0.0011051 1.0104
2461171.5325440 1.28020 0.05027 0.98504 0.05207 -0.29516 0.02532 0.0011051 1.0102
2461171.5327883 1.59100 0.06152 1.18675 0.06311 -0.40425 0.02392 0.0011051 1.0101
2461171.5330326 1.56754 0.06067 1.22061 0.06207 -0.34693 0.02382 0.0011051 1.0100
2461171.5333613 1.57690 0.05938 1.20920 0.06080 -0.36770 0.02376 0.0011052 1.0098
2461171.5336051 1.56629 0.06482 1.24368 0.06614 -0.32261 0.02557 0.0011052 1.0096
2461171.5338494 1.30736 0.05517 1.01809 0.05660 -0.28927 0.02667 0.0011052 1.0095
2461171.5340937 1.61961 0.06926 99.99999 9.99999 99.99999 9.99999 0.0011052 1.0094
2461171.5343379 1.35400 0.07791 1.09643 0.07979 -0.25757 0.03545 0.0011052 1.0092
2461171.5346711 1.64323 0.18097 1.42777 0.18332 -0.21547 0.06173 0.0011052 1.0090
2461171.5351599 1.75288 0.12117 99.99999 9.99999 99.99999 9.99999 0.0011052 1.0088
2461171.5354041 99.99999 9.99999 1.16894 0.08050 99.99999 9.99999 0.0011052 1.0087
2461171.5356482 99.99999 9.99999 99.99999 9.99999 -0.30083 0.02486 0.0011052 1.0085
2461171.5364688 1.36492 0.05844 99.99999 9.99999 99.99999 9.99999 0.0011052 1.0081
2461171.5367129 1.44760 0.05840 1.06286 0.06045 -0.38474 0.02674 0.0011052 1.0080
2461171.5369567 99.99999 9.99999 99.99999 9.99999 99.99999 9.99999 0.0011052 1.0078
2461171.5372895 1.32983 0.04972 1.01562 0.05113 -0.31420 0.02322 0.0011052 1.0077
2461171.5377781 1.29446 0.16897 0.91918 0.17587 -0.37528 0.08534 0.0011052 1.0074
2461171.5380222 1.48651 0.16455 1.02985 0.17179 -0.45666 0.07665 0.0011053 1.0073
2461171.5382663 99.99999 9.99999 99.99999 9.99999 99.99999 9.99999 0.0011053 1.0072
2461171.5385819 99.99999 9.99999 99.99999 9.99999 99.99999 9.99999 0.0011053 1.0070
2461171.5388265 1.43927 0.23746 1.11055 0.24370 -0.32872 0.10294 0.0011053 1.0069
2461171.5390706 1.55856 0.10015 99.99999 9.99999 99.99999 9.99999 0.0011053 1.0068
2461171.5393148 1.42895 0.21317 1.08927 0.22048 -0.33968 0.09443 0.0011053 1.0067
2461171.5395589 1.38813 0.05713 1.10756 0.05841 -0.28056 0.02559 0.0011053 1.0066
2461171.5398906 99.99999 9.99999 1.09296 0.08491 99.99999 9.99999 0.0011053 1.0064
2461171.5401346 99.99999 9.99999 99.99999 9.99999 -0.39100 0.15699 0.0011053 1.0063
2461171.5408672 1.83089 0.06364 1.33794 0.06527 -0.49295 0.02222 0.0011053 1.0060
2461171.5411958 1.42875 0.05640 1.03677 0.05860 -0.39198 0.02612 0.0011053 1.0058
2461171.5414402 1.27309 0.06329 99.99999 9.99999 99.99999 9.99999 0.0011053 1.0057
2461171.5416842 1.46347 0.13683 1.07103 0.14299 -0.39245 0.06507 0.0011053 1.0056
2461171.5419285 1.20391 0.09382 0.85444 0.09811 -0.34947 0.04973 0.0011053 1.0055
2461171.5421726 1.45608 0.06751 1.08047 0.06981 -0.37561 0.03009 0.0011053 1.0054
2461171.5425013 99.99999 9.99999 99.99999 9.99999 99.99999 9.99999 0.0011054 1.0053
2461171.5427455 1.50610 0.15317 1.14499 0.15663 -0.36111 0.06227 0.0011054 1.0052
2461171.5429895 99.99999 9.99999 99.99999 9.99999 99.99999 9.99999 0.0011054 1.0051
2461171.5432337 99.99999 9.99999 99.99999 9.99999 99.99999 9.99999 0.0011054 1.0050
2461171.5434778 99.99999 9.99999 99.99999 9.99999 99.99999 9.99999 0.0011054 1.0049
2461171.5438102 1.37481 0.13357 1.05402 0.13798 -0.32078 0.06067 0.0011054 1.0048
2461171.5440542 1.36484 0.05528 1.14679 0.05628 -0.21805 0.02379 0.0011054 1.0047
2461171.5442983 1.19413 0.04752 1.00319 0.04833 -0.19094 0.02321 0.0011054 1.0046
2461171.5445424 1.37968 0.05507 1.15673 0.05605 -0.22295 0.02308 0.0011054 1.0045
2461171.5447866 1.48533 0.05755 1.13073 0.05940 -0.35461 0.02476 0.0011054 1.0044
2461171.5451143 1.21770 0.04892 0.99465 0.05019 -0.22304 0.02385 0.0011054 1.0043
2461171.5453588 1.36453 0.05561 0.98591 0.05774 -0.37861 0.02654 0.0011054 1.0042
2461171.5456029 99.99999 9.99999 99.99999 9.99999 -0.17234 0.02822 0.0011054 1.0041
2461171.5460912 1.36002 0.05784 1.16100 0.05903 -0.19902 0.02538 0.0011054 1.0039
2461171.5464226 99.99999 9.99999 99.99999 9.99999 99.99999 9.99999 0.0011054 1.0038
2461171.5466665 1.45438 0.05363 1.05781 0.05557 -0.39657 0.02360 0.0011054 1.0037
2461171.5469107 1.54393 0.05649 1.12947 0.05816 -0.41446 0.02371 0.0011054 1.0036
2461171.5471544 99.99999 9.99999 99.99999 9.99999 -0.45568 0.02489 0.0011055 1.0035
2461171.5473985 1.49984 0.05852 1.01523 0.06088 -0.48462 0.02547 0.0011055 1.0035
2461171.5477306 1.17333 0.05212 0.77304 0.05470 -0.40028 0.02865 0.0011055 1.0033
2461171.5479753 1.23501 0.04924 0.89413 0.05119 -0.34087 0.02591 0.0011055 1.0033
2461171.5482193 1.21978 0.05139 0.92151 0.05320 -0.29827 0.02596 0.0011055 1.0032
2461171.5484631 1.35955 0.05902 1.18687 0.05977 -0.17268 0.02487 0.0011055 1.0031
2461171.5487070 99.99999 9.99999 99.99999 9.99999 99.99999 9.99999 0.0011055 1.0030
2461171.5492820 1.27801 0.05904 0.87059 0.06216 -0.40742 0.03095 0.0011055 1.0029
2461171.5495261 99.99999 9.99999 0.82865 0.06292 99.99999 9.99999 0.0011055 1.0028
2461171.5497703 1.09487 0.05927 0.80311 0.06200 -0.29176 0.03256 0.0011055 1.0027
2461171.5500145 99.99999 9.99999 99.99999 9.99999 -0.35377 0.03308 0.0011055 1.0026
2461171.5503456 1.37712 0.10786 0.81624 0.11406 -0.56089 0.05495 0.0011055 1.0025
2461171.5505898 1.13720 0.18414 1.03206 0.18584 -0.10514 0.09133 0.0011055 1.0025
2461171.5508339 1.14487 0.10761 0.77963 0.11348 -0.36524 0.06196 0.0011055 1.0024
2461171.5510781 1.17653 0.15239 1.00248 0.15491 -0.17404 0.07308 0.0011055 1.0023
2461171.5513222 1.38847 0.20029 0.99994 0.20768 -0.38853 0.09452 0.0011055 1.0023
2461171.5516574 1.06969 0.05189 0.69386 0.05509 -0.37583 0.03151 0.0011056 1.0022
2461171.5519020 1.23199 0.05987 0.90332 0.06193 -0.32867 0.03014 0.0011056 1.0021
2461171.5521459 1.08934 0.05244 0.75412 0.05507 -0.33522 0.03240 0.0011056 1.0021
2461171.5523897 1.10774 0.06271 0.74143 0.06618 -0.36631 0.03595 0.0011056 1.0020
2461171.5526339 99.99999 9.99999 99.99999 9.99999 -0.48143 0.04036 0.0011056 1.0019
2461171.5529670 99.99999 9.99999 99.99999 9.99999 99.99999 9.99999 0.0011056 1.0018
2461171.5532112 1.24280 0.05698 0.74327 0.06099 -0.49953 0.03290 0.0011056 1.0018
2461171.5534552 1.04692 0.05925 0.76333 0.06184 -0.28359 0.03470 0.0011056 1.0017
2461171.5536991 1.09907 0.06584 0.84509 0.06775 -0.25398 0.03385 0.0011056 1.0017
2461171.5539433 1.01560 0.05794 0.67413 0.06103 -0.34147 0.03617 0.0011056 1.0016
2461171.5542754 1.19201 0.06433 0.78739 0.06736 -0.40462 0.03408 0.0011056 1.0015
2461171.5545201 1.20362 0.06765 0.83594 0.07084 -0.36769 0.03627 0.0011056 1.0015
2461171.5547642 1.19638 0.06706 0.77162 0.07104 -0.42475 0.03823 0.0011056 1.0014
2461171.5550083 1.08883 0.06412 0.68801 0.06847 -0.40082 0.03873 0.0011056 1.0014
2461171.5552525 1.09103 0.06639 0.71874 0.07031 -0.37230 0.04023 0.0011056 1.0013
2461171.5555796 99.99999 9.99999 0.70435 0.08688 99.99999 9.99999 0.0011056 1.0013
2461171.5560682 1.20151 0.09055 99.99999 9.99999 99.99999 9.99999 0.0011056 1.0012
2461171.5563124 99.99999 9.99999 99.99999 9.99999 99.99999 9.99999 0.0011057 1.0011
2461171.5565565 99.99999 9.99999 0.66944 0.08278 99.99999 9.99999 0.0011057 1.0011
2461171.5568879 1.20781 0.07935 0.74225 0.08385 -0.46556 0.04374 0.0011057 1.0010
2461171.5571318 99.99999 9.99999 0.85951 0.08507 99.99999 9.99999 0.0011057 1.0010
2461171.5573760 1.08785 0.07862 0.70115 0.08312 -0.38669 0.04647 0.0011057 1.0009
2461171.5576202 1.04683 0.07715 0.70124 0.08197 -0.34559 0.04782 0.0011057 1.0009
2461171.5578643 1.11554 0.08571 0.80960 0.08935 -0.30595 0.04828 0.0011057 1.0009
2461171.5581933 1.11591 0.07910 0.79322 0.08335 -0.32270 0.04565 0.0011057 1.0008
2461171.5584374 1.12554 0.08409 0.78661 0.08798 -0.33893 0.04792 0.0011057 1.0008
2461171.5586813 1.09033 0.08657 0.65443 0.09221 -0.43590 0.05034 0.0011057 1.0007
2461171.5589254 1.08992 0.08789 0.72552 0.09281 -0.36440 0.05186 0.0011057 1.0007
2461171.5591693 1.03413 0.09451 0.67825 0.09900 -0.35588 0.05613 0.0011057 1.0007
2461171.5595021 0.92003 0.10060 99.99999 9.99999 99.99999 9.99999 0.0011057 1.0006
2461171.5599908 1.01194 0.09164 99.99999 9.99999 99.99999 9.99999 0.0011057 1.0005
2461171.5602349 1.09685 0.09676 0.82374 0.09919 -0.27311 0.05255 0.0011057 1.0005
2461171.5604788 1.08908 0.09365 0.72360 0.09812 -0.36548 0.05291 0.0011057 1.0005
2461171.5608099 0.98707 0.08953 0.66815 0.09445 -0.31892 0.05709 0.0011058 1.0004
2461171.5610543 0.94140 0.09032 0.53182 0.09852 -0.40958 0.06312 0.0011058 1.0004
2461171.5612986 0.86637 0.09062 0.55588 0.09605 -0.31048 0.06091 0.0011058 1.0004
2461171.5615428 1.13539 0.11177 0.73732 0.11732 -0.39808 0.06241 0.0011058 1.0004
2461171.5617868 1.08162 0.10709 0.67540 0.11351 -0.40622 0.06348 0.0011058 1.0003
2461171.5621185 0.83812 0.09260 0.47882 0.09837 -0.35930 0.06228 0.0011058 1.0003
2461171.5626066 0.86227 0.09241 0.66209 0.09604 -0.20017 0.06146 0.0011058 1.0003
2461171.5628508 1.07835 0.11939 0.62669 0.12654 -0.45166 0.07007 0.0011058 1.0002
2461171.5630947 99.99999 9.99999 99.99999 9.99999 99.99999 9.99999 0.0011058 1.0002
2461171.5634241 0.74347 0.10336 0.48838 0.11130 -0.25509 0.07834 0.0011058 1.0002
2461171.5636682 99.99999 9.99999 99.99999 9.99999 -0.33481 0.06841 0.0011058 1.0002
2461171.5639123 0.64661 0.09587 0.58349 0.09921 -0.06311 0.07260 0.0011058 1.0002
2461171.5641563 99.99999 9.99999 0.51876 0.11404 99.99999 9.99999 0.0011058 1.0002
2461171.5644006 99.99999 9.99999 0.59031 0.11127 99.99999 9.99999 0.0011058 1.0001
2461171.5647339 1.16791 0.12621 0.84780 0.13041 -0.32011 0.06337 0.0011058 1.0001
2461171.5649784 0.98169 0.10674 0.65310 0.11271 -0.32859 0.06553 0.0011058 1.0001
2461171.5652226 0.85206 0.10102 0.55172 0.10610 -0.30033 0.06975 0.0011058 1.0001
2461171.5654670 0.69767 0.08716 0.45722 0.09272 -0.24045 0.06974 0.0011059 1.0001
2461171.5657110 0.74134 0.10003 0.54416 0.10499 -0.19718 0.07120 0.0011059 1.0001
2461171.5660420 0.91860 0.09686 0.46768 0.10718 -0.45093 0.07221 0.0011059 1.0001
2461171.5662864 99.99999 9.99999 0.35513 0.11524 99.99999 9.99999 0.0011059 1.0001
2461171.5665310 99.99999 9.99999 99.99999 9.99999 -0.28809 0.08575 0.0011059 1.0001
2461171.5667751 0.44923 0.08432 0.14563 0.09783 -0.30360 0.08559 0.0011059 1.0000
2461171.5673544 0.71744 0.08813 0.51828 0.09164 -0.19916 0.06079 0.0011059 1.0000
2461171.5675988 0.76527 0.09032 0.55774 0.09185 -0.20754 0.05802 0.0011059 1.0000
2461171.5683309 0.68498 0.09737 0.52918 0.10242 -0.15581 0.06765 0.0011059 1.0000
2461171.5685749 0.49967 0.08564 0.35569 0.08810 -0.14398 0.07057 0.0011059 1.0000
2461171.5689061 0.72479 0.08457 0.42218 0.09279 -0.30261 0.06515 0.0011059 1.0000
2461171.5691510 0.66433 0.08598 0.44957 0.08974 -0.21475 0.05970 0.0011059 1.0000
2461171.5693952 99.99999 9.99999 0.36274 0.07986 99.99999 9.99999 0.0011059 1.0001
2461171.5696394 0.44966 0.08551 0.34608 0.08691 -0.10358 0.06848 0.0011059 1.0001
2461171.5698836 0.49213 0.06896 0.26192 0.07401 -0.23021 0.05846 0.0011059 1.0001
2461171.5704519 0.46812 0.08404 0.37240 0.08472 -0.09572 0.06249 0.0011060 1.0001
2461171.5706960 0.63347 0.07773 0.35077 0.08604 -0.28271 0.06137 0.0011060 1.0001
2461171.5709402 0.39898 0.06319 99.99999 9.99999 99.99999 9.99999 0.0011060 1.0001
2461171.5711843 0.44208 0.07213 0.29717 0.07782 -0.14491 0.06008 0.0011060 1.0001
2461171.5715081 0.50706 0.06928 0.25551 0.07776 -0.25154 0.06245 0.0011060 1.0001
2461171.5717528 99.99999 9.99999 99.99999 9.99999 -0.19987 0.06237 0.0011060 1.0001
2461171.5719971 0.46067 0.07145 0.28271 0.07412 -0.17796 0.05880 0.0011060 1.0002
2461171.5722412 0.40246 0.06196 0.29976 0.06443 -0.10270 0.05344 0.0011060 1.0002
2461171.5724853 0.45034 0.06553 0.31618 0.06856 -0.13416 0.05681 0.0011060 1.0002
2461171.5728068 99.99999 9.99999 99.99999 9.99999 -0.13287 0.05520 0.0011060 1.0002
2461171.5730512 0.39229 0.06455 0.28459 0.06722 -0.10771 0.05675 0.0011060 1.0002
2461171.5732952 0.36946 0.06132 0.21452 0.06547 -0.15495 0.05191 0.0011060 1.0003
2461171.5735396 0.35166 0.06350 0.23093 0.06520 -0.12073 0.05127 0.0011060 1.0003
2461171.5737843 0.38870 0.06181 0.30577 0.06379 -0.08292 0.04803 0.0011060 1.0003
2461171.5741009 0.42033 0.05617 0.26651 0.05991 -0.15381 0.04925 0.0011060 1.0003
2461171.5743449 0.39207 0.05672 0.34632 0.05749 -0.04575 0.04595 0.0011060 1.0004
2461171.5745890 0.27519 0.05424 0.20370 0.05543 -0.07149 0.04783 0.0011061 1.0004
2461171.5748336 0.33480 0.05568 0.21390 0.05789 -0.12090 0.04682 0.0011061 1.0004
2461171.5750778 99.99999 9.99999 99.99999 9.99999 99.99999 9.99999 0.0011061 1.0004
2461171.5756374 99.99999 9.99999 99.99999 9.99999 -0.11394 0.04464 0.0011061 1.0005
2461171.5758817 0.34127 0.05321 0.22229 0.05525 -0.11898 0.04581 0.0011061 1.0005
2461171.5761263 99.99999 9.99999 99.99999 9.99999 -0.13863 0.04200 0.0011061 1.0006
2461171.5763701 99.99999 9.99999 99.99999 9.99999 -0.15424 0.04066 0.0011061 1.0006
2461171.5766877 0.23471 0.04789 0.16665 0.04955 -0.06806 0.04319 0.0011061 1.0006
2461171.5769320 0.23062 0.04516 0.13952 0.04724 -0.09110 0.04161 0.0011061 1.0007
2461171.5771765 99.99999 9.99999 99.99999 9.99999 -0.09927 0.04268 0.0011061 1.0007
2461171.5774206 99.99999 9.99999 99.99999 9.99999 -0.06897 0.04001 0.0011061 1.0007
2461171.5776647 99.99999 9.99999 99.99999 9.99999 -0.06615 0.03974 0.0011061 1.0008
2461171.5779830 99.99999 9.99999 99.99999 9.99999 -0.06135 0.04103 0.0011061 1.0008
2461171.5782276 99.99999 9.99999 99.99999 9.99999 -0.09992 0.04094 0.0011061 1.0009
2461171.5784719 99.99999 9.99999 99.99999 9.99999 -0.08875 0.04113 0.0011061 1.0009
2461171.5787160 99.99999 9.99999 99.99999 9.99999 99.99999 9.99999 0.0011061 1.0010
2461171.5789602 99.99999 9.99999 99.99999 9.99999 99.99999 9.99999 0.0011061 1.0010
2461171.5792774 99.99999 9.99999 99.99999 9.99999 99.99999 9.99999 0.0011062 1.0010
2461171.5795216 99.99999 9.99999 99.99999 9.99999 99.99999 9.99999 0.0011062 1.0011
2461171.5797657 99.99999 9.99999 99.99999 9.99999 -0.02792 0.03849 0.0011062 1.0011
2461171.5800098 99.99999 9.99999 99.99999 9.99999 99.99999 9.99999 0.0011062 1.0012
2461171.5805713 99.99999 9.99999 99.99999 9.99999 -0.10137 0.03942 0.0011062 1.0013
2461171.5808154 99.99999 9.99999 99.99999 9.99999 -0.09362 0.03774 0.0011062 1.0013
2461171.5810597 99.99999 9.99999 99.99999 9.99999 -0.12389 0.03854 0.0011062 1.0014
2461171.5813037 99.99999 9.99999 99.99999 9.99999 99.99999 9.99999 0.0011062 1.0015
2461171.5815478 99.99999 9.99999 99.99999 9.99999 99.99999 9.99999 0.0011062 1.0015
2461171.5818627 99.99999 9.99999 99.99999 9.99999 99.99999 9.99999 0.0011062 1.0016
2461171.5823509 99.99999 9.99999 99.99999 9.99999 99.99999 9.99999 0.0011062 1.0017
