JDHEL V-C s1 V-K1 s2 C-K1 s3 HELCOR AIRMASS
Aperture: 4, Filter: IRCUT, JD: heliocentric
2461165.3558320 1.51270 0.17025 99.99999 9.99999 99.99999 9.99999 0.0009645 1.5530
2461165.3560961 1.08361 0.13317 0.72702 0.13914 -0.35660 0.07802 0.0009645 1.5514
2461165.3562292 1.16698 0.12197 0.89226 0.12708 -0.27472 0.06536 0.0009645 1.5505
2461165.3563637 1.32773 0.13878 1.09198 0.14186 -0.23575 0.06331 0.0009645 1.5497
2461165.3565929 1.17704 0.12690 0.87372 0.13288 -0.30333 0.06920 0.0009645 1.5483
2461165.3567259 99.99999 9.99999 0.97920 0.13252 99.99999 9.99999 0.0009645 1.5475
2461165.3569930 1.19279 0.13997 0.96616 0.14346 -0.22663 0.06927 0.0009645 1.5459
2461165.3571260 1.52333 0.14723 0.90318 0.15580 -0.62015 0.07124 0.0009645 1.5451
2461165.3573701 99.99999 9.99999 0.88320 0.12399 99.99999 9.99999 0.0009646 1.5436
2461165.3575029 1.27080 0.14522 99.99999 9.99999 99.99999 9.99999 0.0009646 1.5428
2461165.3576365 1.40665 0.14455 0.96335 0.15045 -0.44330 0.06933 0.0009646 1.5419
2461165.3577702 1.08777 0.12233 0.88117 0.12606 -0.20660 0.06422 0.0009646 1.5411
2461165.3579035 1.42782 0.13196 0.99837 0.13709 -0.42945 0.06181 0.0009646 1.5403
2461165.3581401 1.78129 0.17440 1.31163 0.17915 -0.46967 0.06250 0.0009646 1.5389
2461165.3582727 99.99999 9.99999 0.80158 0.13530 99.99999 9.99999 0.0009646 1.5381
2461165.3584055 99.99999 9.99999 99.99999 9.99999 99.99999 9.99999 0.0009646 1.5373
2461165.3585388 1.09037 0.12118 99.99999 9.99999 99.99999 9.99999 0.0009646 1.5365
2461165.3586736 99.99999 9.99999 99.99999 9.99999 99.99999 9.99999 0.0009646 1.5357
2461165.3589170 99.99999 9.99999 99.99999 9.99999 99.99999 9.99999 0.0009646 1.5342
2461165.3590494 99.99999 9.99999 1.02238 0.17117 99.99999 9.99999 0.0009646 1.5334
2461165.3591832 1.17364 0.11773 99.99999 9.99999 99.99999 9.99999 0.0009646 1.5326
2461165.3593175 1.28961 0.12705 99.99999 9.99999 99.99999 9.99999 0.0009646 1.5318
2461165.3594516 1.31813 0.14409 0.93822 0.15071 -0.37991 0.07422 0.0009646 1.5310
2461165.3596836 1.43777 0.14976 1.00240 0.15663 -0.43537 0.06903 0.0009646 1.5296
2461165.3598159 99.99999 9.99999 0.86558 0.12598 99.99999 9.99999 0.0009646 1.5288
2461165.3600834 1.37132 0.14333 0.96868 0.14905 -0.40264 0.06817 0.0009646 1.5273
2461165.3602158 1.30493 0.13218 99.99999 9.99999 99.99999 9.99999 0.0009646 1.5265
2461165.3604450 1.38737 0.13387 1.02851 0.13859 -0.35886 0.06189 0.0009646 1.5251
2461165.3605774 1.31141 0.13831 1.10494 0.14027 -0.20647 0.06207 0.0009646 1.5243
2461165.3607108 1.23996 0.12182 0.82224 0.12768 -0.41771 0.06410 0.0009646 1.5235
2461165.3609769 99.99999 9.99999 0.73771 0.10735 99.99999 9.99999 0.0009646 1.5220
2461165.3611932 1.07981 0.09741 0.80878 0.10172 -0.27103 0.05513 0.0009646 1.5207
2461165.3613254 99.99999 9.99999 99.99999 9.99999 -0.21568 0.05670 0.0009646 1.5199
2461165.3614602 1.31259 0.14468 1.24605 0.14526 -0.06655 0.06038 0.0009646 1.5191
2461165.3615945 1.23543 0.09846 0.85212 0.10326 -0.38331 0.05308 0.0009647 1.5183
2461165.3619506 1.30291 0.12543 0.87985 0.13173 -0.42305 0.06508 0.0009647 1.5162
2461165.3620831 99.99999 9.99999 0.66130 0.12280 99.99999 9.99999 0.0009647 1.5155
2461165.3622154 99.99999 9.99999 99.99999 9.99999 -0.51674 0.06426 0.0009647 1.5147
2461165.3629464 1.16902 0.11135 0.89480 0.11519 -0.27422 0.05793 0.0009647 1.5105
2461165.3630786 99.99999 9.99999 0.84594 0.14156 99.99999 9.99999 0.0009647 1.5097
2461165.3632131 99.99999 9.99999 0.61943 0.12017 99.99999 9.99999 0.0009647 1.5089
2461165.3637151 1.13160 0.12089 99.99999 9.99999 99.99999 9.99999 0.0009647 1.5060
2461165.3638476 1.10879 0.11102 0.74307 0.11736 -0.36572 0.06531 0.0009647 1.5053
2461165.3639820 99.99999 9.99999 0.70186 0.10141 99.99999 9.99999 0.0009647 1.5045
2461165.3642095 99.99999 9.99999 0.75787 0.10044 99.99999 9.99999 0.0009647 1.5032
2461165.3644749 1.12182 0.09301 0.75971 0.09773 -0.36211 0.05465 0.0009647 1.5017
2461165.3646093 1.15631 0.10924 0.83316 0.11291 -0.32315 0.05852 0.0009647 1.5009
2461165.3647429 99.99999 9.99999 99.99999 9.99999 -0.38917 0.06743 0.0009647 1.5001
2461165.3649798 99.99999 9.99999 0.76624 0.11984 99.99999 9.99999 0.0009647 1.4988
2461165.3652458 99.99999 9.99999 99.99999 9.99999 99.99999 9.99999 0.0009647 1.4973
2461165.3657490 1.09611 0.09683 0.88559 0.09925 -0.21052 0.05045 0.0009648 1.4944
2461165.3658815 1.32969 0.11264 1.05465 0.11598 -0.27505 0.05174 0.0009648 1.4937
2461165.3660168 1.24031 0.11545 0.90488 0.12006 -0.33543 0.05981 0.0009648 1.4929
2461165.3661514 99.99999 9.99999 99.99999 9.99999 -0.25701 0.05621 0.0009648 1.4921
2461165.3665022 1.18947 0.10206 0.89289 0.10615 -0.29658 0.05362 0.0009648 1.4902
2461165.3666348 1.18869 0.09876 0.71558 0.10472 -0.47310 0.05688 0.0009648 1.4894
2461165.3667679 99.99999 9.99999 0.66210 0.10553 99.99999 9.99999 0.0009648 1.4887
2461165.3669019 99.99999 9.99999 99.99999 9.99999 99.99999 9.99999 0.0009648 1.4879
2461165.3670363 99.99999 9.99999 99.99999 9.99999 99.99999 9.99999 0.0009648 1.4872
2461165.3672679 0.99192 0.09174 0.70627 0.09682 -0.28565 0.05600 0.0009648 1.4859
2461165.3674002 1.05977 0.10185 0.75811 0.10723 -0.30165 0.05982 0.0009648 1.4851
2461165.3675328 1.11090 0.09455 0.75289 0.09991 -0.35801 0.05585 0.0009648 1.4844
2461165.3676673 1.28123 0.11204 0.93233 0.11644 -0.34890 0.05450 0.0009648 1.4837
2461165.3678009 99.99999 9.99999 0.85190 0.10236 99.99999 9.99999 0.0009648 1.4829
2461165.3680434 99.99999 9.99999 0.50201 0.10857 99.99999 9.99999 0.0009648 1.4816
2461165.3681757 1.04558 0.09078 0.65564 0.09706 -0.38993 0.05827 0.0009648 1.4808
2461165.3683091 1.12642 0.10194 99.99999 9.99999 99.99999 9.99999 0.0009648 1.4801
2461165.3685772 1.07991 0.11044 99.99999 9.99999 99.99999 9.99999 0.0009648 1.4786
2461165.3689275 1.06052 0.10802 0.72683 0.11289 -0.33368 0.06487 0.0009648 1.4767
2461165.3690618 0.95454 0.10260 99.99999 9.99999 99.99999 9.99999 0.0009648 1.4760
2461165.3691958 99.99999 9.99999 99.99999 9.99999 99.99999 9.99999 0.0009648 1.4752
2461165.3693300 0.95397 0.11415 99.99999 9.99999 99.99999 9.99999 0.0009648 1.4745
2461165.3695769 1.11822 0.10672 0.78471 0.11114 -0.33352 0.05874 0.0009648 1.4731
2461165.3697092 1.00749 0.10127 99.99999 9.99999 99.99999 9.99999 0.0009648 1.4724
2461165.3698432 99.99999 9.99999 99.99999 9.99999 99.99999 9.99999 0.0009648 1.4717
2461165.3699759 1.14451 0.11762 1.00537 0.11917 -0.13914 0.05653 0.0009649 1.4710
2461165.3701099 1.60415 0.16920 1.28337 0.17276 -0.32078 0.06241 0.0009649 1.4702
2461165.3703540 99.99999 9.99999 0.95530 0.12072 99.99999 9.99999 0.0009649 1.4689
2461165.3704861 99.99999 9.99999 0.63240 0.12072 99.99999 9.99999 0.0009649 1.4682
2461165.3706209 1.26718 0.12484 0.79327 0.13238 -0.47391 0.06732 0.0009649 1.4675
2461165.3707551 99.99999 9.99999 0.78337 0.11747 99.99999 9.99999 0.0009649 1.4667
2461165.3708895 1.02222 0.12144 0.83801 0.12410 -0.18421 0.06724 0.0009649 1.4660
2461165.3711339 1.17495 0.13235 0.88415 0.13750 -0.29080 0.06919 0.0009649 1.4647
2461165.3712666 0.84357 0.10996 0.58691 0.11627 -0.25666 0.07338 0.0009649 1.4640
2461165.3716682 99.99999 9.99999 99.99999 9.99999 99.99999 9.99999 0.0009649 1.4618
2461165.3719021 99.99999 9.99999 0.35761 0.10928 99.99999 9.99999 0.0009649 1.4606
2461165.3721681 1.28102 0.13610 99.99999 9.99999 99.99999 9.99999 0.0009649 1.4591
2461165.3724334 99.99999 9.99999 99.99999 9.99999 99.99999 9.99999 0.0009649 1.4577
2461165.3725664 0.77697 0.13061 0.54708 0.13801 -0.22990 0.09328 0.0009649 1.4570
2461165.3727003 1.32656 0.15893 0.91646 0.16595 -0.41010 0.07896 0.0009649 1.4563
2461165.3730784 1.10661 0.12514 0.72491 0.13218 -0.38170 0.07259 0.0009649 1.4543
2461165.3732115 1.07325 0.12713 0.76174 0.13374 -0.31151 0.07457 0.0009649 1.4536
2461165.3733455 0.76962 0.10919 0.31731 0.12288 -0.45231 0.08912 0.0009649 1.4529
2461165.3734789 99.99999 9.99999 0.67720 0.13234 99.99999 9.99999 0.0009649 1.4522
2461165.3737196 99.99999 9.99999 0.90217 0.13910 99.99999 9.99999 0.0009649 1.4509
2461165.3738515 1.02348 0.10318 0.82327 0.10681 -0.20021 0.05820 0.0009649 1.4502
2461165.3739863 1.20800 0.13359 1.07005 0.13592 -0.13794 0.06171 0.0009649 1.4495
2461165.3741202 99.99999 9.99999 0.85806 0.11433 99.99999 9.99999 0.0009649 1.4488
2461165.3742535 1.19725 0.10797 0.59518 0.11919 -0.60207 0.07029 0.0009650 1.4481
2461165.3744861 1.04895 0.09953 0.61141 0.10721 -0.43755 0.06455 0.0009650 1.4469
2461165.3746180 99.99999 9.99999 0.71249 0.11874 99.99999 9.99999 0.0009650 1.4462
2461165.3747528 1.08848 0.12504 0.96783 0.12673 -0.12065 0.06567 0.0009650 1.4455
2461165.3748858 1.34162 0.16337 99.99999 9.99999 99.99999 9.99999 0.0009650 1.4448
2461165.3750199 1.43538 0.13148 1.01722 0.13676 -0.41816 0.05937 0.0009650 1.4441
2461165.3753970 99.99999 9.99999 0.93969 0.15134 99.99999 9.99999 0.0009650 1.4421
2461165.3755292 99.99999 9.99999 99.99999 9.99999 99.99999 9.99999 0.0009650 1.4414
2461165.3756623 1.15841 0.11992 99.99999 9.99999 99.99999 9.99999 0.0009650 1.4408
2461165.3757958 99.99999 9.99999 99.99999 9.99999 99.99999 9.99999 0.0009650 1.4401
2461165.3761668 0.97827 0.11768 0.60784 0.12692 -0.37043 0.07809 0.0009650 1.4381
2461165.3763003 0.83465 0.10981 99.99999 9.99999 99.99999 9.99999 0.0009650 1.4375
2461165.3764343 0.99479 0.12988 0.74952 0.13710 -0.24527 0.08088 0.0009650 1.4368
2461165.3765679 0.87255 0.10977 0.48768 0.12023 -0.38487 0.08030 0.0009650 1.4361
2461165.3768050 99.99999 9.99999 99.99999 9.99999 -0.47823 0.07744 0.0009650 1.4349
2461165.3769372 1.21872 0.14309 0.84770 0.15036 -0.37102 0.07773 0.0009650 1.4342
2461165.3770699 99.99999 9.99999 99.99999 9.99999 -0.37781 0.07759 0.0009650 1.4335
2461165.3772047 99.99999 9.99999 99.99999 9.99999 99.99999 9.99999 0.0009650 1.4328
2461165.3773386 0.89589 0.11043 0.77312 0.11375 -0.12277 0.06342 0.0009650 1.4321
2461165.3775687 1.19991 0.12788 0.77690 0.13552 -0.42302 0.07258 0.0009650 1.4310
2461165.3777007 99.99999 9.99999 0.66782 0.13908 99.99999 9.99999 0.0009650 1.4303
2461165.3778345 99.99999 9.99999 99.99999 9.99999 -0.33924 0.06385 0.0009650 1.4296
2461165.3779689 0.89346 0.10617 0.68795 0.11017 -0.20551 0.06503 0.0009650 1.4289
2461165.3781021 1.02657 0.12468 0.87143 0.12707 -0.15515 0.07026 0.0009650 1.4282
2461165.3783403 99.99999 9.99999 99.99999 9.99999 -0.32792 0.08196 0.0009650 1.4270
2461165.3784727 0.91960 0.10813 0.65268 0.11364 -0.26692 0.06949 0.0009651 1.4264
2461165.3786059 1.16189 0.11442 0.67501 0.12393 -0.48689 0.07157 0.0009651 1.4257
2461165.3787389 1.33999 0.15213 0.97924 0.15727 -0.36075 0.07172 0.0009651 1.4250
2461165.3788728 1.15331 0.13182 99.99999 9.99999 99.99999 9.99999 0.0009651 1.4244
2461165.3791145 1.07332 0.11061 0.76688 0.11496 -0.30645 0.06290 0.0009651 1.4231
2461165.3792465 99.99999 9.99999 0.70360 0.12956 99.99999 9.99999 0.0009651 1.4225
2461165.3796481 99.99999 9.99999 0.85970 0.13876 99.99999 9.99999 0.0009651 1.4205
2461165.3798651 1.08993 0.09567 0.61318 0.10356 -0.47674 0.06282 0.0009651 1.4194
2461165.3799977 99.99999 9.99999 99.99999 9.99999 -0.19875 0.06981 0.0009651 1.4187
2461165.3801317 1.05734 0.10285 0.85105 0.10567 -0.20629 0.05800 0.0009651 1.4180
2461165.3802658 0.96959 0.10769 0.81009 0.11044 -0.15950 0.06261 0.0009651 1.4174
2461165.3803990 0.97486 0.11017 0.93367 0.11144 -0.04118 0.06089 0.0009651 1.4167
2461165.3806341 1.19801 0.11056 0.81064 0.11660 -0.38736 0.06225 0.0009651 1.4156
2461165.3807669 99.99999 9.99999 99.99999 9.99999 -0.35204 0.05651 0.0009651 1.4149
2461165.3809010 99.99999 9.99999 99.99999 9.99999 -0.32744 0.06603 0.0009651 1.4142
2461165.3810352 1.11917 0.09914 0.81785 0.10324 -0.30132 0.05521 0.0009651 1.4136
2461165.3811691 1.33921 0.11897 1.03763 0.12256 -0.30158 0.05590 0.0009651 1.4129
2461165.3814053 99.99999 9.99999 99.99999 9.99999 -0.18179 0.05437 0.0009651 1.4117
2461165.3815376 1.17419 0.10757 0.93314 0.10987 -0.24105 0.05515 0.0009651 1.4111
2461165.3816707 0.99022 0.08452 0.69430 0.08906 -0.29592 0.05228 0.0009651 1.4104
2461165.3818041 1.18871 0.09999 0.83167 0.10501 -0.35703 0.05522 0.0009651 1.4098
2461165.3819382 0.82631 0.09383 0.61100 0.09694 -0.21530 0.06160 0.0009651 1.4091
2461165.3821829 99.99999 9.99999 0.55443 0.08939 99.99999 9.99999 0.0009651 1.4079
2461165.3823157 99.99999 9.99999 99.99999 9.99999 99.99999 9.99999 0.0009651 1.4073
2461165.3824487 99.99999 9.99999 99.99999 9.99999 99.99999 9.99999 0.0009651 1.4066
2461165.3825830 99.99999 9.99999 99.99999 9.99999 99.99999 9.99999 0.0009651 1.4060
2461165.3827161 1.20521 0.12259 0.92850 0.12719 -0.27671 0.06385 0.0009652 1.4053
2461165.3829510 1.16267 0.11120 0.87758 0.11559 -0.28508 0.05999 0.0009652 1.4042
2461165.3830837 0.72574 0.09527 99.99999 9.99999 99.99999 9.99999 0.0009652 1.4035
2461165.3832163 0.92621 0.09615 0.71142 0.09945 -0.21479 0.06054 0.0009652 1.4029
2461165.3833510 1.25774 0.11424 99.99999 9.99999 99.99999 9.99999 0.0009652 1.4022
2461165.3834847 99.99999 9.99999 99.99999 9.99999 99.99999 9.99999 0.0009652 1.4016
2461165.3838506 1.19911 0.11275 0.86511 0.11743 -0.33400 0.06263 0.0009652 1.3998
2461165.3839845 1.30453 0.13936 1.00024 0.14434 -0.30429 0.06797 0.0009652 1.3992
2461165.3841173 99.99999 9.99999 0.85798 0.12563 99.99999 9.99999 0.0009652 1.3985
2461165.3844932 99.99999 9.99999 99.99999 9.99999 99.99999 9.99999 0.0009652 1.3967
2461165.3846254 1.17264 0.13374 99.99999 9.99999 99.99999 9.99999 0.0009652 1.3961
2461165.3847594 1.06917 0.10579 0.74243 0.11103 -0.32674 0.06305 0.0009652 1.3955
2461165.3848935 99.99999 9.99999 99.99999 9.99999 99.99999 9.99999 0.0009652 1.3948
2461165.3850267 1.64932 0.14999 1.14938 0.15532 -0.49993 0.06029 0.0009652 1.3942
2461165.3852717 1.04620 0.09233 0.73314 0.09707 -0.31306 0.05467 0.0009652 1.3930
2461165.3854041 99.99999 9.99999 99.99999 9.99999 99.99999 9.99999 0.0009652 1.3924
2461165.3855372 1.43243 0.12926 0.97712 0.13436 -0.45531 0.05967 0.0009652 1.3918
2461165.3856721 0.91154 0.09489 99.99999 9.99999 99.99999 9.99999 0.0009652 1.3911
2461165.3858064 1.13634 0.10256 99.99999 9.99999 99.99999 9.99999 0.0009652 1.3905
2461165.3860404 0.90324 0.11030 0.77922 0.11155 -0.12402 0.06579 0.0009652 1.3894
2461165.3861730 1.10623 0.10668 0.81089 0.11060 -0.29534 0.06069 0.0009652 1.3888
2461165.3863060 99.99999 9.99999 0.71338 0.11050 99.99999 9.99999 0.0009652 1.3881
2461165.3865734 1.19891 0.12306 0.88835 0.12789 -0.31056 0.06405 0.0009652 1.3869
2461165.3868156 1.20084 0.09644 0.75134 0.10289 -0.44950 0.05687 0.0009652 1.3857
2461165.3869480 0.96067 0.09938 0.75855 0.10235 -0.20212 0.05970 0.0009653 1.3851
2461165.3870813 99.99999 9.99999 0.80827 0.10834 99.99999 9.99999 0.0009653 1.3845
2461165.3872152 1.54348 0.14890 99.99999 9.99999 99.99999 9.99999 0.0009653 1.3839
2461165.3873485 1.00937 0.11668 0.81644 0.12006 -0.19293 0.06434 0.0009653 1.3832
2461165.3875840 1.23255 0.12051 0.87807 0.12571 -0.35448 0.06202 0.0009653 1.3821
2461165.3877164 1.10876 0.10518 0.69786 0.11236 -0.41090 0.06473 0.0009653 1.3815
2461165.3878514 1.36477 0.13965 1.17959 0.14231 -0.18518 0.06049 0.0009653 1.3809
2461165.3879855 99.99999 9.99999 0.86147 0.11447 99.99999 9.99999 0.0009653 1.3803
2461165.3881183 1.53198 0.14780 1.31793 0.15048 -0.21405 0.05486 0.0009653 1.3797
2461165.3883260 99.99999 9.99999 0.91500 0.11853 99.99999 9.99999 0.0009653 1.3787
2461165.3884588 99.99999 9.99999 0.84202 0.10910 99.99999 9.99999 0.0009653 1.3781
2461165.3885932 1.30424 0.12216 0.82428 0.12910 -0.47996 0.06491 0.0009653 1.3775
2461165.3887278 99.99999 9.99999 0.89154 0.13584 99.99999 9.99999 0.0009653 1.3768
2461165.3888613 99.99999 9.99999 99.99999 9.99999 99.99999 9.99999 0.0009653 1.3762
2461165.3890983 99.99999 9.99999 99.99999 9.99999 99.99999 9.99999 0.0009653 1.3751
2461165.3892303 1.17967 0.12018 0.86472 0.12507 -0.31496 0.06462 0.0009653 1.3745
2461165.3893646 99.99999 9.99999 0.73707 0.13999 99.99999 9.99999 0.0009653 1.3739
2461165.3894990 0.96527 0.12301 99.99999 9.99999 99.99999 9.99999 0.0009653 1.3733
2461165.3896319 99.99999 9.99999 0.78073 0.12847 99.99999 9.99999 0.0009653 1.3727
2461165.3898632 1.32006 0.15591 1.01541 0.16019 -0.30466 0.07477 0.0009653 1.3716
2461165.3899955 1.11885 0.12142 0.48038 0.13633 -0.63846 0.08586 0.0009653 1.3710
2461165.3901293 1.07357 0.12848 0.82593 0.13452 -0.24765 0.07629 0.0009653 1.3704
2461165.3902651 99.99999 9.99999 99.99999 9.99999 -0.25173 0.06406 0.0009653 1.3698
2461165.3903988 99.99999 9.99999 99.99999 9.99999 -0.03010 0.07486 0.0009653 1.3692
2461165.3906257 99.99999 9.99999 0.68812 0.13108 99.99999 9.99999 0.0009653 1.3681
2461165.3907580 0.75891 0.11168 0.73791 0.11189 -0.02100 0.06964 0.0009653 1.3675
2461165.3908926 99.99999 9.99999 0.74549 0.11886 99.99999 9.99999 0.0009653 1.3669
2461165.3910271 0.89974 0.09568 0.34631 0.11012 -0.55343 0.07707 0.0009653 1.3663
2461165.3911601 1.04531 0.12033 0.82247 0.12337 -0.22284 0.06786 0.0009654 1.3657
2461165.3913940 0.97324 0.11541 0.70664 0.12065 -0.26660 0.07198 0.0009654 1.3647
2461165.3915267 1.10060 0.13144 99.99999 9.99999 99.99999 9.99999 0.0009654 1.3641
2461165.3916596 99.99999 9.99999 0.83816 0.11335 99.99999 9.99999 0.0009654 1.3635
2461165.3919268 0.96762 0.10820 99.99999 9.99999 99.99999 9.99999 0.0009654 1.3623
2461165.3920592 1.37807 0.11928 99.99999 9.99999 99.99999 9.99999 0.0009654 1.3617
2461165.3922901 1.09089 0.11134 0.77082 0.11726 -0.32007 0.06398 0.0009654 1.3607
2461165.3924224 0.98736 0.11376 0.59067 0.12074 -0.39668 0.07138 0.0009654 1.3601
2461165.3925555 1.22213 0.13163 1.07996 0.13354 -0.14217 0.06160 0.0009654 1.3595
2461165.3926896 1.03700 0.10370 0.87530 0.10618 -0.16170 0.05731 0.0009654 1.3589
2461165.3928222 0.99823 0.10029 99.99999 9.99999 99.99999 9.99999 0.0009654 1.3583
2461165.3930652 99.99999 9.99999 99.99999 9.99999 99.99999 9.99999 0.0009654 1.3572
2461165.3931977 1.13551 0.14204 99.99999 9.99999 99.99999 9.99999 0.0009654 1.3566
2461165.3933311 99.99999 9.99999 99.99999 9.99999 99.99999 9.99999 0.0009654 1.3560
2461165.3934654 99.99999 9.99999 99.99999 9.99999 99.99999 9.99999 0.0009654 1.3554
2461165.3935991 99.99999 9.99999 0.95860 0.14312 99.99999 9.99999 0.0009654 1.3548
2461165.3938316 1.09903 0.11579 0.95643 0.11775 -0.14261 0.05834 0.0009654 1.3538
2461165.3939641 1.16790 0.11465 0.98831 0.11750 -0.17959 0.05892 0.0009654 1.3532
2461165.3940969 99.99999 9.99999 1.05720 0.11514 99.99999 9.99999 0.0009654 1.3526
2461165.3942297 0.96504 0.08497 0.50714 0.09228 -0.45790 0.05905 0.0009654 1.3521
2461165.3943645 1.11442 0.11293 0.94177 0.11604 -0.17266 0.05928 0.0009654 1.3515
2461165.3946100 99.99999 9.99999 99.99999 9.99999 -0.27122 0.05347 0.0009654 1.3504
2461165.3947421 1.25006 0.10104 1.03675 0.10368 -0.21331 0.04896 0.0009654 1.3498
2461165.3948760 99.99999 9.99999 99.99999 9.99999 -0.33045 0.05091 0.0009654 1.3492
2461165.3950105 1.32414 0.11627 1.00104 0.12011 -0.32309 0.05513 0.0009654 1.3486
2461165.3951436 1.36510 0.12108 99.99999 9.99999 99.99999 9.99999 0.0009654 1.3481
2461165.3953867 1.16751 0.11239 0.93381 0.11557 -0.23371 0.05740 0.0009655 1.3470
2461165.3955190 1.20740 0.11150 1.00153 0.11400 -0.20587 0.05581 0.0009655 1.3464
2461165.3956525 1.07010 0.10404 0.95545 0.10560 -0.11465 0.05694 0.0009655 1.3458
2461165.3957870 1.27695 0.09918 99.99999 9.99999 99.99999 9.99999 0.0009655 1.3453
2461165.3959201 1.32144 0.10442 0.77589 0.11125 -0.54555 0.05693 0.0009655 1.3447
2461165.3961549 99.99999 9.99999 99.99999 9.99999 99.99999 9.99999 0.0009655 1.3437
2461165.3962873 99.99999 9.99999 0.68783 0.12636 99.99999 9.99999 0.0009655 1.3431
2461165.3964203 1.02255 0.10455 0.64830 0.11148 -0.37425 0.06445 0.0009655 1.3425
2461165.3965546 1.11070 0.12401 99.99999 9.99999 99.99999 9.99999 0.0009655 1.3419
2461165.3966888 0.99562 0.10747 0.63888 0.11485 -0.35674 0.06922 0.0009655 1.3414
2461165.3969284 99.99999 9.99999 99.99999 9.99999 -0.43152 0.06397 0.0009655 1.3403
2461165.3970608 1.19853 0.10366 0.75167 0.11014 -0.44686 0.05969 0.0009655 1.3398
2461165.3971950 1.14887 0.13363 0.83332 0.13903 -0.31554 0.07157 0.0009655 1.3392
2461165.3973287 1.09993 0.09608 0.56805 0.10443 -0.53187 0.06051 0.0009655 1.3386
2461165.3974625 99.99999 9.99999 0.87389 0.13558 99.99999 9.99999 0.0009655 1.3381
2461165.3977063 99.99999 9.99999 99.99999 9.99999 99.99999 9.99999 0.0009655 1.3370
2461165.3978386 1.44091 0.13785 0.85483 0.14643 -0.58609 0.07066 0.0009655 1.3365
2461165.3979730 99.99999 9.99999 99.99999 9.99999 -0.31011 0.06978 0.0009655 1.3359
2461165.3981073 1.35033 0.12003 0.86116 0.12638 -0.48917 0.06148 0.0009655 1.3353
2461165.3984555 0.90054 0.10642 0.62116 0.11243 -0.27938 0.07156 0.0009655 1.3338
2461165.3985877 1.26475 0.11566 0.84946 0.12211 -0.41529 0.06161 0.0009655 1.3333
2461165.3987212 1.13908 0.12795 1.00028 0.12959 -0.13880 0.06436 0.0009655 1.3327
2461165.3988553 1.30597 0.12680 1.03305 0.13013 -0.27292 0.06085 0.0009655 1.3322
2461165.3989890 99.99999 9.99999 99.99999 9.99999 -0.34251 0.07106 0.0009655 1.3316
2461165.3992212 0.93910 0.11227 0.65566 0.11883 -0.28344 0.07229 0.0009655 1.3306
2461165.3993535 1.10701 0.10898 99.99999 9.99999 99.99999 9.99999 0.0009655 1.3301
2461165.3994872 1.24767 0.09983 0.74259 0.10682 -0.50509 0.05746 0.0009655 1.3295
2461165.3996210 1.16114 0.09253 0.72391 0.09858 -0.43723 0.05488 0.0009656 1.3289
2461165.3997543 0.96741 0.10086 0.73477 0.10386 -0.23264 0.06096 0.0009656 1.3284
2461165.3999867 99.99999 9.99999 99.99999 9.99999 -0.17847 0.05061 0.0009656 1.3274
2461165.4001191 1.12408 0.09201 99.99999 9.99999 99.99999 9.99999 0.0009656 1.3269
2461165.4002532 1.32926 0.09257 0.78339 0.09941 -0.54587 0.05139 0.0009656 1.3263
2461165.4003872 99.99999 9.99999 0.75760 0.09462 99.99999 9.99999 0.0009656 1.3257
2461165.4005204 1.09688 0.09699 0.69705 0.10251 -0.39983 0.05643 0.0009656 1.3252
2461165.4007525 0.99629 0.08844 0.71884 0.09265 -0.27745 0.05249 0.0009656 1.3242
2461165.4008846 99.99999 9.99999 99.99999 9.99999 99.99999 9.99999 0.0009656 1.3237
2461165.4010195 1.21589 0.09682 0.90433 0.10109 -0.31157 0.04991 0.0009656 1.3231
2461165.4011539 1.22450 0.10526 0.87777 0.11004 -0.34672 0.05408 0.0009656 1.3226
2461165.4012868 1.21376 0.10174 0.90400 0.10497 -0.30976 0.05201 0.0009656 1.3220
2461165.4015207 1.22652 0.10242 99.99999 9.99999 99.99999 9.99999 0.0009656 1.3211
2461165.4016528 1.21177 0.08928 0.73184 0.09568 -0.47993 0.05141 0.0009656 1.3205
2461165.4017861 1.22403 0.08350 0.74910 0.08882 -0.47493 0.04800 0.0009656 1.3200
2461165.4019214 99.99999 9.99999 0.79300 0.08912 99.99999 9.99999 0.0009656 1.3194
2461165.4020547 1.09925 0.08472 0.67194 0.09041 -0.42731 0.05201 0.0009656 1.3189
2461165.4022894 1.08021 0.08388 0.75739 0.08833 -0.32282 0.04866 0.0009656 1.3179
2461165.4024217 99.99999 9.99999 0.86751 0.09100 99.99999 9.99999 0.0009656 1.3174
2461165.4025544 1.01071 0.08653 0.85846 0.08847 -0.15225 0.04722 0.0009656 1.3168
2461165.4026891 1.21051 0.09620 0.99460 0.09852 -0.21591 0.04650 0.0009656 1.3163
2461165.4028236 1.24306 0.08245 0.85163 0.08665 -0.39143 0.04393 0.0009656 1.3157
2461165.4030579 1.24101 0.09130 0.99246 0.09382 -0.24856 0.04520 0.0009656 1.3148
2461165.4031902 1.18597 0.08157 0.79999 0.08595 -0.38598 0.04579 0.0009656 1.3142
2461165.4033241 1.46364 0.10962 99.99999 9.99999 99.99999 9.99999 0.0009656 1.3137
2461165.4034574 99.99999 9.99999 99.99999 9.99999 99.99999 9.99999 0.0009656 1.3132
2461165.4035906 1.42367 0.09752 1.02029 0.10075 -0.40338 0.04331 0.0009656 1.3126
2461165.4038288 1.23979 0.09712 1.02069 0.09935 -0.21910 0.04708 0.0009657 1.3117
2461165.4039608 99.99999 9.99999 99.99999 9.99999 -0.16443 0.04244 0.0009657 1.3111
2461165.4040950 99.99999 9.99999 99.99999 9.99999 -0.49311 0.04766 0.0009657 1.3106
2461165.4042293 1.54060 0.10395 1.24956 0.10598 -0.29104 0.04072 0.0009657 1.3100
2461165.4043627 1.10965 0.08415 0.93095 0.08651 -0.17869 0.04529 0.0009657 1.3095
2461165.4045951 99.99999 9.99999 99.99999 9.99999 99.99999 9.99999 0.0009657 1.3086
2461165.4047277 99.99999 9.99999 99.99999 9.99999 -0.22262 0.04569 0.0009657 1.3080
2461165.4048616 99.99999 9.99999 0.89128 0.08876 99.99999 9.99999 0.0009657 1.3075
2461165.4049959 99.99999 9.99999 99.99999 9.99999 -0.32457 0.04626 0.0009657 1.3070
2461165.4051290 1.14569 0.08584 99.99999 9.99999 99.99999 9.99999 0.0009657 1.3064
2461165.4053630 1.40066 0.10231 99.99999 9.99999 99.99999 9.99999 0.0009657 1.3055
2461165.4054952 1.30009 0.08918 1.02673 0.09136 -0.27336 0.04231 0.0009657 1.3050
2461165.4056281 1.15257 0.09121 0.92066 0.09441 -0.23191 0.04709 0.0009657 1.3045
2461165.4057624 1.46707 0.10218 1.17782 0.10418 -0.28925 0.04142 0.0009657 1.3039
2461165.4060992 1.08069 0.08420 0.89048 0.08596 -0.19021 0.04495 0.0009657 1.3026
2461165.4062314 1.23708 0.09299 1.00472 0.09481 -0.23236 0.04336 0.0009657 1.3021
2461165.4063640 1.22509 0.08597 0.86990 0.09008 -0.35519 0.04725 0.0009657 1.3016
2461165.4064982 1.22523 0.08039 0.84268 0.08407 -0.38256 0.04131 0.0009657 1.3010
2461165.4066311 1.30759 0.10007 99.99999 9.99999 99.99999 9.99999 0.0009657 1.3005
2461165.4068632 1.37803 0.10278 1.04620 0.10574 -0.33183 0.04726 0.0009657 1.2996
2461165.4069953 1.10302 0.07591 0.73091 0.08108 -0.37210 0.04757 0.0009657 1.2991
2461165.4071299 1.01651 0.07852 0.68082 0.08309 -0.33569 0.04833 0.0009657 1.2986
2461165.4072641 1.25595 0.07828 0.70670 0.08426 -0.54926 0.04611 0.0009657 1.2980
2461165.4073972 0.88498 0.07677 0.78765 0.07842 -0.09734 0.04744 0.0009657 1.2975
2461165.4076326 1.26157 0.08655 99.99999 9.99999 99.99999 9.99999 0.0009657 1.2966
2461165.4077650 99.99999 9.99999 99.99999 9.99999 99.99999 9.99999 0.0009657 1.2961
2461165.4078980 1.26872 0.09346 0.86319 0.09835 -0.40553 0.04969 0.0009657 1.2956
2461165.4080321 1.05381 0.09342 0.81488 0.09658 -0.23892 0.05106 0.0009658 1.2950
2461165.4083642 99.99999 9.99999 0.63030 0.08219 99.99999 9.99999 0.0009658 1.2938
2461165.4084973 1.49343 0.11018 1.25846 0.11215 -0.23497 0.04521 0.0009658 1.2932
2461165.4086311 1.25492 0.09514 0.91671 0.09866 -0.33821 0.04784 0.0009658 1.2927
2461165.4087656 99.99999 9.99999 99.99999 9.99999 -0.53290 0.04766 0.0009658 1.2922
2461165.4088985 99.99999 9.99999 99.99999 9.99999 -0.39983 0.04474 0.0009658 1.2917
2461165.4091306 1.43626 0.09502 0.98599 0.09884 -0.45027 0.04357 0.0009658 1.2908
2461165.4092634 1.27163 0.08572 0.92224 0.08922 -0.34939 0.04314 0.0009658 1.2903
2461165.4093966 1.27273 0.08426 0.82151 0.08916 -0.45121 0.04741 0.0009658 1.2898
2461165.4095312 1.07171 0.07237 0.69368 0.07724 -0.37803 0.04536 0.0009658 1.2893
2461165.4096646 1.23677 0.09376 1.11192 0.09477 -0.12485 0.04259 0.0009658 1.2888
2461165.4098991 1.08900 0.07792 0.71185 0.08306 -0.37715 0.04752 0.0009658 1.2879
2461165.4100314 1.04680 0.08205 0.77751 0.08534 -0.26929 0.04684 0.0009658 1.2874
2461165.4101648 0.87361 0.07131 0.61774 0.07423 -0.25588 0.04577 0.0009658 1.2868
2461165.4102992 1.25499 0.08608 0.92714 0.08952 -0.32785 0.04288 0.0009658 1.2863
2461165.4104333 1.10605 0.07911 0.85197 0.08229 -0.25408 0.04440 0.0009658 1.2858
2461165.4106640 99.99999 9.99999 0.82622 0.09376 99.99999 9.99999 0.0009658 1.2850
2461165.4107959 1.15097 0.09507 0.93628 0.09774 -0.21469 0.04978 0.0009658 1.2845
2461165.4109297 99.99999 9.99999 0.84131 0.08682 99.99999 9.99999 0.0009658 1.2839
2461165.4110650 1.28465 0.10349 1.04264 0.10577 -0.24201 0.04860 0.0009658 1.2834
2461165.4111980 1.19374 0.09285 0.83678 0.09625 -0.35696 0.04757 0.0009658 1.2829
2461165.4114305 1.21789 0.08423 0.89733 0.08779 -0.32056 0.04542 0.0009658 1.2821
2461165.4115633 1.24522 0.09316 0.86409 0.09756 -0.38114 0.05060 0.0009658 1.2816
2461165.4116963 1.30632 0.08877 0.83315 0.09435 -0.47317 0.04748 0.0009658 1.2811
2461165.4118311 1.29566 0.09829 0.92617 0.10209 -0.36949 0.04966 0.0009658 1.2806
2461165.4119642 1.14047 0.08573 0.82432 0.08954 -0.31615 0.04724 0.0009658 1.2801
2461165.4121954 1.24907 0.08605 0.85723 0.09023 -0.39184 0.04653 0.0009658 1.2792
2461165.4123281 99.99999 9.99999 99.99999 9.99999 -0.22592 0.04822 0.0009659 1.2787
2461165.4124617 99.99999 9.99999 99.99999 9.99999 -0.40838 0.04692 0.0009659 1.2782
2461165.4127296 99.99999 9.99999 99.99999 9.99999 -0.45664 0.04766 0.0009659 1.2772
2461165.4129458 99.99999 9.99999 99.99999 9.99999 -0.23642 0.04667 0.0009659 1.2764
2461165.4130781 99.99999 9.99999 99.99999 9.99999 -0.35772 0.04689 0.0009659 1.2759
2461165.4132118 99.99999 9.99999 99.99999 9.99999 -0.25096 0.04597 0.0009659 1.2754
2461165.4133455 1.02292 0.08053 0.65857 0.08536 -0.36435 0.04986 0.0009659 1.2749
2461165.4134784 1.16148 0.08689 0.82976 0.09102 -0.33173 0.04751 0.0009659 1.2744
2461165.4137188 1.16960 0.09188 0.89862 0.09523 -0.27098 0.04983 0.0009659 1.2735
2461165.4138512 1.23566 0.09181 0.89225 0.09619 -0.34341 0.04833 0.0009659 1.2731
2461165.4139848 99.99999 9.99999 99.99999 9.99999 -0.32836 0.04597 0.0009659 1.2726
2461165.4141198 99.99999 9.99999 99.99999 9.99999 -0.28321 0.04996 0.0009659 1.2721
2461165.4142537 1.27481 0.08670 0.93633 0.09006 -0.33848 0.04375 0.0009659 1.2716
2461165.4144859 99.99999 9.99999 99.99999 9.99999 -0.43906 0.04937 0.0009659 1.2707
2461165.4146182 99.99999 9.99999 99.99999 9.99999 -0.39849 0.04795 0.0009659 1.2702
2461165.4147514 1.31081 0.09537 0.98327 0.09809 -0.32753 0.04622 0.0009659 1.2698
2461165.4148857 1.24415 0.08380 0.86847 0.08705 -0.37567 0.04312 0.0009659 1.2693
2461165.4150200 99.99999 9.99999 99.99999 9.99999 -0.35164 0.04493 0.0009659 1.2688
2461165.4152511 1.18142 0.08804 0.82592 0.09139 -0.35550 0.04676 0.0009659 1.2679
2461165.4153837 1.26408 0.09208 1.00006 0.09532 -0.26402 0.04455 0.0009659 1.2675
2461165.4155172 1.68510 0.13022 1.36009 0.13240 -0.32500 0.04476 0.0009659 1.2670
2461165.4156501 99.99999 9.99999 99.99999 9.99999 -0.34594 0.04285 0.0009659 1.2665
2461165.4157848 99.99999 9.99999 0.90142 0.09557 99.99999 9.99999 0.0009659 1.2660
2461165.4160262 1.08832 0.08035 0.75664 0.08469 -0.33169 0.04778 0.0009659 1.2651
2461165.4161585 99.99999 9.99999 99.99999 9.99999 -0.34005 0.04618 0.0009659 1.2647
2461165.4162932 1.46777 0.09948 1.08629 0.10267 -0.38147 0.04296 0.0009659 1.2642
2461165.4164270 99.99999 9.99999 1.09868 0.09557 99.99999 9.99999 0.0009659 1.2637
2461165.4165604 1.19529 0.08211 0.89455 0.08518 -0.30074 0.04286 0.0009660 1.2632
2461165.4167962 99.99999 9.99999 99.99999 9.99999 -0.27151 0.04613 0.0009660 1.2624
2461165.4169287 1.10889 0.07889 0.72480 0.08286 -0.38409 0.04599 0.0009660 1.2619
2461165.4170619 1.41303 0.10387 1.03495 0.10778 -0.37808 0.04738 0.0009660 1.2614
2461165.4171947 1.30954 0.09125 1.07365 0.09342 -0.23588 0.04156 0.0009660 1.2609
2461165.4173292 1.27574 0.08486 0.98776 0.08779 -0.28799 0.04170 0.0009660 1.2605
2461165.4175742 1.20676 0.08413 0.88243 0.08726 -0.32433 0.04509 0.0009660 1.2596
2461165.4177067 1.43633 0.09702 1.05416 0.10086 -0.38217 0.04497 0.0009660 1.2591
2461165.4178398 99.99999 9.99999 99.99999 9.99999 -0.45507 0.04600 0.0009660 1.2587
2461165.4179740 1.38969 0.09545 1.09843 0.09769 -0.29127 0.04190 0.0009660 1.2582
2461165.4181071 1.30639 0.09190 0.98899 0.09522 -0.31740 0.04516 0.0009660 1.2577
2461165.4183437 1.16899 0.07980 0.94418 0.08168 -0.22481 0.04228 0.0009660 1.2569
2461165.4184762 1.28615 0.08258 0.99006 0.08554 -0.29608 0.04207 0.0009660 1.2564
2461165.4186091 1.12649 0.07466 0.81022 0.07765 -0.31627 0.04207 0.0009660 1.2559
2461165.4187432 1.36686 0.08295 1.01713 0.08590 -0.34973 0.03932 0.0009660 1.2555
2461165.4188781 1.41849 0.09129 1.00257 0.09486 -0.41592 0.04133 0.0009660 1.2550
2461165.4191128 1.47266 0.09233 1.07993 0.09480 -0.39273 0.04024 0.0009660 1.2542
2461165.4192452 99.99999 9.99999 99.99999 9.99999 -0.33461 0.04301 0.0009660 1.2537
2461165.4193785 99.99999 9.99999 99.99999 9.99999 -0.26940 0.04120 0.0009660 1.2532
2461165.4195115 1.27368 0.08840 0.89667 0.09199 -0.37702 0.04559 0.0009660 1.2528
2461165.4196449 1.31727 0.09171 1.00492 0.09412 -0.31235 0.04321 0.0009660 1.2523
2461165.4198875 1.58577 0.11364 1.23381 0.11596 -0.35196 0.04183 0.0009660 1.2515
2461165.4200196 99.99999 9.99999 99.99999 9.99999 -0.38916 0.04415 0.0009660 1.2510
2461165.4201541 99.99999 9.99999 99.99999 9.99999 -0.40250 0.04661 0.0009660 1.2505
2461165.4202886 99.99999 9.99999 99.99999 9.99999 -0.31716 0.04393 0.0009660 1.2501
2461165.4204216 99.99999 9.99999 99.99999 9.99999 -0.22763 0.04208 0.0009660 1.2496
2461165.4206564 99.99999 9.99999 99.99999 9.99999 99.99999 9.99999 0.0009660 1.2488
2461165.4207888 1.25593 0.08803 1.00927 0.09017 -0.24665 0.04297 0.0009661 1.2483
2461165.4209217 99.99999 9.99999 99.99999 9.99999 -0.34527 0.04334 0.0009661 1.2479
2461165.4210569 1.60305 0.10943 1.25480 0.11196 -0.34824 0.04086 0.0009661 1.2474
2461165.4211919 99.99999 9.99999 1.44638 0.13090 99.99999 9.99999 0.0009661 1.2470
2461165.4214252 99.99999 9.99999 99.99999 9.99999 -0.29004 0.03967 0.0009661 1.2462
2461165.4215577 1.49090 0.10598 1.20613 0.10822 -0.28477 0.04163 0.0009661 1.2457
2461165.4216910 99.99999 9.99999 99.99999 9.99999 -0.28225 0.04250 0.0009661 1.2452
2461165.4219592 99.99999 9.99999 99.99999 9.99999 -0.37542 0.04374 0.0009661 1.2443
2461165.4221754 99.99999 9.99999 99.99999 9.99999 -0.30969 0.04635 0.0009661 1.2436
2461165.4223080 99.99999 9.99999 99.99999 9.99999 -0.26396 0.04093 0.0009661 1.2431
2461165.4224425 1.68803 0.12124 1.40886 0.12292 -0.27918 0.03958 0.0009661 1.2427
2461165.4225769 99.99999 9.99999 99.99999 9.99999 -0.31924 0.04423 0.0009661 1.2422
2461165.4227106 1.44868 0.09804 1.13418 0.10056 -0.31450 0.04221 0.0009661 1.2418
2461165.4229454 99.99999 9.99999 99.99999 9.99999 -0.24077 0.04438 0.0009661 1.2410
2461165.4230782 99.99999 9.99999 99.99999 9.99999 -0.36234 0.04361 0.0009661 1.2405
2461165.4233465 99.99999 9.99999 99.99999 9.99999 -0.26504 0.04576 0.0009661 1.2396
2461165.4234788 1.51597 0.12378 1.19345 0.12721 -0.32253 0.04999 0.0009661 1.2392
2461165.4237073 99.99999 9.99999 99.99999 9.99999 -0.32606 0.04560 0.0009661 1.2384
2461165.4238402 99.99999 9.99999 99.99999 9.99999 -0.29326 0.04126 0.0009661 1.2380
2461165.4239741 99.99999 9.99999 99.99999 9.99999 99.99999 9.99999 0.0009661 1.2375
2461165.4241081 1.52835 0.11433 1.23576 0.11644 -0.29259 0.04461 0.0009661 1.2371
2461165.4242416 99.99999 9.99999 99.99999 9.99999 -0.29631 0.04397 0.0009661 1.2366
2461165.4244746 1.83191 0.14304 1.46383 0.14533 -0.36808 0.04592 0.0009661 1.2358
2461165.4246070 99.99999 9.99999 99.99999 9.99999 -0.30344 0.04526 0.0009661 1.2354
2461165.4247399 99.99999 9.99999 99.99999 9.99999 -0.33199 0.04604 0.0009661 1.2350
2461165.4248730 99.99999 9.99999 99.99999 9.99999 -0.35684 0.04356 0.0009661 1.2345
2461165.4250064 1.80065 0.13597 1.44672 0.13809 -0.35393 0.04306 0.0009662 1.2341
2461165.4252486 1.61641 0.11814 1.33937 0.12018 -0.27703 0.04272 0.0009662 1.2333
2461165.4253813 99.99999 9.99999 99.99999 9.99999 -0.18033 0.04213 0.0009662 1.2328
2461165.4255150 1.42067 0.09821 1.05763 0.10102 -0.36304 0.04251 0.0009662 1.2324
2461165.4256500 99.99999 9.99999 99.99999 9.99999 99.99999 9.99999 0.0009662 1.2319
2461165.4257837 99.99999 9.99999 1.08130 0.10473 99.99999 9.99999 0.0009662 1.2315
2461165.4260198 99.99999 9.99999 99.99999 9.99999 -0.18681 0.05620 0.0009662 1.2307
2461165.4261519 99.99999 9.99999 99.99999 9.99999 -0.33377 0.05694 0.0009662 1.2303
2461165.4262853 99.99999 9.99999 99.99999 9.99999 -0.32658 0.06498 0.0009662 1.2299
2461165.4264185 99.99999 9.99999 99.99999 9.99999 -0.43698 0.06219 0.0009662 1.2294
2461165.4265523 99.99999 9.99999 99.99999 9.99999 -0.17294 0.05525 0.0009662 1.2290
2461165.4267930 99.99999 9.99999 99.99999 9.99999 -0.41663 0.05083 0.0009662 1.2282
2461165.4269254 99.99999 9.99999 99.99999 9.99999 99.99999 9.99999 0.0009662 1.2278
2461165.4270597 1.40951 0.11336 1.22994 0.11504 -0.17956 0.04614 0.0009662 1.2273
2461165.4271936 1.55209 0.11450 1.15061 0.11798 -0.40148 0.04695 0.0009662 1.2269
2461165.4273271 1.64220 0.11421 1.25720 0.11665 -0.38501 0.04312 0.0009662 1.2265
2461165.4275637 1.49705 0.11023 1.28038 0.11198 -0.21668 0.04318 0.0009662 1.2257
2461165.4276964 99.99999 9.99999 1.16413 0.11386 99.99999 9.99999 0.0009662 1.2253
2461165.4278295 1.56808 0.11564 1.26915 0.11787 -0.29893 0.04342 0.0009662 1.2248
2461165.4279625 1.53807 0.11907 1.27391 0.12111 -0.26416 0.04463 0.0009662 1.2244
2461165.4280963 99.99999 9.99999 1.02280 0.11193 99.99999 9.99999 0.0009662 1.2240
2461165.4283411 99.99999 9.99999 99.99999 9.99999 -0.34720 0.04826 0.0009662 1.2232
2461165.4284736 99.99999 9.99999 99.99999 9.99999 -0.30296 0.04099 0.0009662 1.2228
2461165.4286070 99.99999 9.99999 99.99999 9.99999 -0.39899 0.04525 0.0009662 1.2223
2461165.4287419 99.99999 9.99999 99.99999 9.99999 -0.41577 0.04346 0.0009662 1.2219
2461165.4288751 99.99999 9.99999 99.99999 9.99999 -0.39777 0.04488 0.0009662 1.2215
2461165.4291114 99.99999 9.99999 99.99999 9.99999 -0.28253 0.04828 0.0009662 1.2207
2461165.4293768 99.99999 9.99999 99.99999 9.99999 -0.24621 0.04200 0.0009663 1.2199
2461165.4296445 99.99999 9.99999 99.99999 9.99999 -0.33484 0.04630 0.0009663 1.2190
2461165.4297769 99.99999 9.99999 99.99999 9.99999 -0.48700 0.05183 0.0009663 1.2186
2461165.4300022 99.99999 9.99999 99.99999 9.99999 -0.45095 0.04695 0.0009663 1.2179
2461165.4301347 99.99999 9.99999 99.99999 9.99999 -0.24318 0.04524 0.0009663 1.2175
2461165.4302680 1.60280 0.13122 1.35111 0.13284 -0.25169 0.04538 0.0009663 1.2171
2461165.4304019 99.99999 9.99999 99.99999 9.99999 -0.43225 0.04733 0.0009663 1.2166
2461165.4305349 99.99999 9.99999 99.99999 9.99999 -0.37294 0.04604 0.0009663 1.2162
2461165.4307772 99.99999 9.99999 99.99999 9.99999 99.99999 9.99999 0.0009663 1.2155
2461165.4309094 99.99999 9.99999 99.99999 9.99999 -0.36420 0.04627 0.0009663 1.2150
2461165.4310450 99.99999 9.99999 99.99999 9.99999 -0.38206 0.04607 0.0009663 1.2146
2461165.4311791 1.54665 0.10990 1.10987 0.11389 -0.43678 0.04672 0.0009663 1.2142
2461165.4313123 1.27572 0.09922 0.97677 0.10272 -0.29895 0.04847 0.0009663 1.2138
2461165.4315474 99.99999 9.99999 99.99999 9.99999 -0.29140 0.04508 0.0009663 1.2130
2461165.4316799 1.61209 0.12258 1.28010 0.12497 -0.33199 0.04542 0.0009663 1.2126
2461165.4318135 1.60254 0.12544 1.27848 0.12809 -0.32406 0.04685 0.0009663 1.2122
2461165.4319481 99.99999 9.99999 99.99999 9.99999 -0.35800 0.04531 0.0009663 1.2118
2461165.4320818 99.99999 9.99999 99.99999 9.99999 99.99999 9.99999 0.0009663 1.2114
2461165.4323244 99.99999 9.99999 99.99999 9.99999 -0.41129 0.04593 0.0009663 1.2106
2461165.4324566 99.99999 9.99999 99.99999 9.99999 -0.26113 0.04819 0.0009663 1.2102
2461165.4325910 99.99999 9.99999 99.99999 9.99999 -0.31129 0.04903 0.0009663 1.2098
2461165.4327255 1.63217 0.14311 1.34048 0.14547 -0.29169 0.05045 0.0009663 1.2094
2461165.4328592 99.99999 9.99999 99.99999 9.99999 -0.30670 0.05004 0.0009663 1.2090
2461165.4331022 99.99999 9.99999 99.99999 9.99999 -0.36008 0.04864 0.0009663 1.2082
2461165.4332346 99.99999 9.99999 99.99999 9.99999 -0.33584 0.04928 0.0009663 1.2078
2461165.4333686 99.99999 9.99999 99.99999 9.99999 99.99999 9.99999 0.0009663 1.2074
2461165.4335028 99.99999 9.99999 99.99999 9.99999 -0.26547 0.05297 0.0009664 1.2070
2461165.4336365 99.99999 9.99999 99.99999 9.99999 -0.34967 0.05206 0.0009664 1.2066
2461165.4338833 1.63829 0.14600 1.27003 0.14921 -0.36827 0.05291 0.0009664 1.2058
2461165.4340165 99.99999 9.99999 99.99999 9.99999 -0.25951 0.05115 0.0009664 1.2054
2461165.4341494 99.99999 9.99999 99.99999 9.99999 -0.25863 0.05093 0.0009664 1.2050
2461165.4342833 99.99999 9.99999 99.99999 9.99999 -0.43724 0.05218 0.0009664 1.2046
2461165.4344166 99.99999 9.99999 99.99999 9.99999 -0.28745 0.05225 0.0009664 1.2042
2461165.4346602 99.99999 9.99999 99.99999 9.99999 -0.39747 0.05337 0.0009664 1.2035
2461165.4347927 99.99999 9.99999 99.99999 9.99999 -0.28850 0.05879 0.0009664 1.2031
2461165.4349260 99.99999 9.99999 99.99999 9.99999 -0.31037 0.05688 0.0009664 1.2027
2461165.4350594 99.99999 9.99999 99.99999 9.99999 -0.25550 0.05608 0.0009664 1.2023
2461165.4351940 1.58871 0.16012 1.17693 0.16488 -0.41177 0.06268 0.0009664 1.2019
2461165.4354368 99.99999 9.99999 99.99999 9.99999 -0.28503 0.05810 0.0009664 1.2011
2461165.4355689 99.99999 9.99999 99.99999 9.99999 -0.39187 0.05451 0.0009664 1.2007
2461165.4357030 99.99999 9.99999 99.99999 9.99999 -0.18336 0.05509 0.0009664 1.2003
2461165.4358372 99.99999 9.99999 99.99999 9.99999 99.99999 9.99999 0.0009664 1.1999
2461165.4359716 99.99999 9.99999 99.99999 9.99999 -0.32042 0.05944 0.0009664 1.1995
2461165.4362170 99.99999 9.99999 99.99999 9.99999 -0.35764 0.06340 0.0009664 1.1988
2461165.4363492 99.99999 9.99999 99.99999 9.99999 -0.35112 0.05536 0.0009664 1.1984
2461165.4364832 99.99999 9.99999 99.99999 9.99999 -0.28632 0.05563 0.0009664 1.1980
2461165.4366173 1.72642 0.16918 1.39965 0.17175 -0.32676 0.05542 0.0009664 1.1976
2461165.4367519 99.99999 9.99999 99.99999 9.99999 -0.36141 0.05718 0.0009664 1.1972
2461165.4369964 99.99999 9.99999 99.99999 9.99999 -0.34406 0.05873 0.0009664 1.1965
2461165.4371288 99.99999 9.99999 99.99999 9.99999 -0.26159 0.05819 0.0009664 1.1961
2461165.4372631 99.99999 9.99999 99.99999 9.99999 -0.33758 0.05556 0.0009664 1.1957
2461165.4373961 99.99999 9.99999 99.99999 9.99999 99.99999 9.99999 0.0009664 1.1953
2461165.4375303 99.99999 9.99999 99.99999 9.99999 -0.38059 0.05918 0.0009664 1.1949
2461165.4377760 99.99999 9.99999 99.99999 9.99999 -0.33239 0.05731 0.0009665 1.1942
2461165.4379080 1.42057 0.13807 1.17331 0.14117 -0.24727 0.05966 0.0009665 1.1938
2461165.4380418 99.99999 9.99999 99.99999 9.99999 -0.25521 0.05720 0.0009665 1.1934
2461165.4381751 99.99999 9.99999 99.99999 9.99999 99.99999 9.99999 0.0009665 1.1930
2461165.4383093 99.99999 9.99999 99.99999 9.99999 -0.39073 0.05857 0.0009665 1.1926
2461165.4385560 99.99999 9.99999 99.99999 9.99999 -0.30297 0.06196 0.0009665 1.1919
2461165.4386884 2.10221 0.25590 1.83425 0.25729 -0.26796 0.05803 0.0009665 1.1915
2461165.4388214 1.98711 0.22634 1.66333 0.22895 -0.32377 0.06033 0.0009665 1.1911
2461165.4389545 99.99999 9.99999 99.99999 9.99999 -0.27763 0.05694 0.0009665 1.1908
2461165.4390887 99.99999 9.99999 99.99999 9.99999 -0.36802 0.06150 0.0009665 1.1904
2461165.4393364 99.99999 9.99999 99.99999 9.99999 -0.33036 0.06443 0.0009665 1.1896
2461165.4394688 99.99999 9.99999 99.99999 9.99999 99.99999 9.99999 0.0009665 1.1893
2461165.4396018 99.99999 9.99999 99.99999 9.99999 -0.42217 0.06108 0.0009665 1.1889
2461165.4397357 99.99999 9.99999 99.99999 9.99999 -0.17954 0.06122 0.0009665 1.1885
2461165.4398699 99.99999 9.99999 99.99999 9.99999 -0.30314 0.05972 0.0009665 1.1881
2461165.4401142 99.99999 9.99999 99.99999 9.99999 -0.24180 0.06439 0.0009665 1.1874
2461165.4402460 99.99999 9.99999 99.99999 9.99999 99.99999 9.99999 0.0009665 1.1870
2461165.4403805 2.02531 0.23046 1.81549 0.23196 -0.20982 0.05512 0.0009665 1.1866
2461165.4405143 99.99999 9.99999 99.99999 9.99999 -0.33686 0.05751 0.0009665 1.1863
2461165.4406482 99.99999 9.99999 99.99999 9.99999 -0.30883 0.06102 0.0009665 1.1859
2461165.4408959 1.85853 0.20302 1.59827 0.20493 -0.26026 0.05993 0.0009665 1.1852
2461165.4410289 99.99999 9.99999 99.99999 9.99999 -0.45091 0.06593 0.0009665 1.1848
2461165.4411615 99.99999 9.99999 99.99999 9.99999 -0.32734 0.06665 0.0009665 1.1844
2461165.4412957 99.99999 9.99999 1.12888 0.14544 99.99999 9.99999 0.0009665 1.1840
2461165.4414304 99.99999 9.99999 99.99999 9.99999 -0.18454 0.06406 0.0009665 1.1836
2461165.4418084 99.99999 9.99999 99.99999 9.99999 99.99999 9.99999 0.0009665 1.1826
2461165.4419406 99.99999 9.99999 99.99999 9.99999 -0.17305 0.07642 0.0009666 1.1822
2461165.4420756 99.99999 9.99999 99.99999 9.99999 -0.41593 0.07870 0.0009666 1.1818
2461165.4422099 99.99999 9.99999 99.99999 9.99999 -0.33260 0.08262 0.0009666 1.1814
2461165.4424599 99.99999 9.99999 99.99999 9.99999 -0.34862 0.07970 0.0009666 1.1807
2461165.4425921 99.99999 9.99999 99.99999 9.99999 -0.11448 0.07294 0.0009666 1.1804
2461165.4427259 99.99999 9.99999 99.99999 9.99999 -0.32660 0.08135 0.0009666 1.1800
2461165.4428605 99.99999 9.99999 99.99999 9.99999 99.99999 9.99999 0.0009666 1.1796
2461165.4429939 99.99999 9.99999 99.99999 9.99999 -0.36999 0.07525 0.0009666 1.1793
2461165.4432339 99.99999 9.99999 99.99999 9.99999 99.99999 9.99999 0.0009666 1.1786
2461165.4433661 99.99999 9.99999 99.99999 9.99999 99.99999 9.99999 0.0009666 1.1782
2461165.4434995 99.99999 9.99999 99.99999 9.99999 99.99999 9.99999 0.0009666 1.1778
2461165.4436330 99.99999 9.99999 99.99999 9.99999 -0.45533 0.08687 0.0009666 1.1775
2461165.4437677 99.99999 9.99999 99.99999 9.99999 -0.24799 0.07987 0.0009666 1.1771
2461165.4440165 99.99999 9.99999 99.99999 9.99999 -0.32204 0.08289 0.0009666 1.1764
2461165.4441489 99.99999 9.99999 99.99999 9.99999 -0.21394 0.08430 0.0009666 1.1760
2461165.4442820 99.99999 9.99999 99.99999 9.99999 -0.25396 0.08640 0.0009666 1.1757
2461165.4444155 99.99999 9.99999 99.99999 9.99999 -0.26950 0.08509 0.0009666 1.1753
2461165.4445492 1.51851 0.20199 1.23108 0.20600 -0.28743 0.08010 0.0009666 1.1749
2461165.4447943 1.48709 0.19183 1.13948 0.19687 -0.34762 0.08178 0.0009666 1.1743
2461165.4449270 99.99999 9.99999 99.99999 9.99999 -0.28989 0.08823 0.0009666 1.1739
2461165.4450604 99.99999 9.99999 99.99999 9.99999 -0.33193 0.10157 0.0009666 1.1735
2461165.4451940 99.99999 9.99999 99.99999 9.99999 -0.34276 0.08820 0.0009666 1.1732
2461165.4453272 99.99999 9.99999 99.99999 9.99999 -0.34420 0.09054 0.0009666 1.1728
2461165.4455770 99.99999 9.99999 99.99999 9.99999 -0.11828 0.09635 0.0009666 1.1721
2461165.4457098 99.99999 9.99999 99.99999 9.99999 -0.26334 0.09623 0.0009666 1.1718
2461165.4458434 99.99999 9.99999 99.99999 9.99999 -0.30198 0.09784 0.0009666 1.1714
2461165.4459777 99.99999 9.99999 99.99999 9.99999 -0.33407 0.10420 0.0009666 1.1710
2461165.4461108 99.99999 9.99999 99.99999 9.99999 -0.16048 0.09104 0.0009667 1.1707
2461165.4463548 99.99999 9.99999 99.99999 9.99999 -0.29895 0.10192 0.0009667 1.1700
2461165.4464874 99.99999 9.99999 99.99999 9.99999 99.99999 9.99999 0.0009667 1.1697
2461165.4466210 99.99999 9.99999 99.99999 9.99999 99.99999 9.99999 0.0009667 1.1693
2461165.4467560 99.99999 9.99999 99.99999 9.99999 99.99999 9.99999 0.0009667 1.1689
2461165.4468891 99.99999 9.99999 99.99999 9.99999 -0.42214 0.10517 0.0009667 1.1686
2461165.4471367 99.99999 9.99999 99.99999 9.99999 99.99999 9.99999 0.0009667 1.1679
2461165.4472696 99.99999 9.99999 99.99999 9.99999 -0.56386 0.11973 0.0009667 1.1676
2461165.4474029 99.99999 9.99999 99.99999 9.99999 -0.43702 0.11247 0.0009667 1.1672
2461165.4475374 99.99999 9.99999 99.99999 9.99999 -0.39470 0.11162 0.0009667 1.1669
2461165.4476705 99.99999 9.99999 99.99999 9.99999 -0.43292 0.09967 0.0009667 1.1665
2461165.4479102 99.99999 9.99999 99.99999 9.99999 -0.39565 0.10703 0.0009667 1.1659
2461165.4480422 99.99999 9.99999 99.99999 9.99999 -0.25531 0.09814 0.0009667 1.1655
2461165.4483091 99.99999 9.99999 99.99999 9.99999 -0.20268 0.14069 0.0009667 1.1648
2461165.4484417 99.99999 9.99999 99.99999 9.99999 -0.25171 0.12533 0.0009667 1.1644
2461165.4486766 99.99999 9.99999 99.99999 9.99999 -0.51993 0.12196 0.0009667 1.1638
2461165.4488091 99.99999 9.99999 99.99999 9.99999 -0.31635 0.12318 0.0009667 1.1635
2461165.4489417 99.99999 9.99999 99.99999 9.99999 -0.41098 0.13764 0.0009667 1.1631
2461165.4490748 99.99999 9.99999 99.99999 9.99999 -0.15935 0.13268 0.0009667 1.1628
2461165.4492081 99.99999 9.99999 99.99999 9.99999 -0.14019 0.11893 0.0009667 1.1624
2461165.4494593 99.99999 9.99999 99.99999 9.99999 -0.21852 0.11086 0.0009667 1.1618
2461165.4495913 99.99999 9.99999 99.99999 9.99999 -0.40985 0.11165 0.0009667 1.1614
2461165.4497240 99.99999 9.99999 99.99999 9.99999 -0.20460 0.11581 0.0009667 1.1611
2461165.4498570 99.99999 9.99999 99.99999 9.99999 -0.39757 0.12716 0.0009667 1.1607
2461165.4499921 99.99999 9.99999 99.99999 9.99999 -0.30982 0.13289 0.0009667 1.1604
2461165.4502376 99.99999 9.99999 99.99999 9.99999 99.99999 9.99999 0.0009667 1.1597
2461165.4503697 99.99999 9.99999 99.99999 9.99999 99.99999 9.99999 0.0009668 1.1594
2461165.4505040 99.99999 9.99999 99.99999 9.99999 -0.27363 0.10413 0.0009668 1.1591
2461165.4506370 99.99999 9.99999 99.99999 9.99999 99.99999 9.99999 0.0009668 1.1587
2461165.4507709 99.99999 9.99999 99.99999 9.99999 99.99999 9.99999 0.0009668 1.1584
2461165.4510187 99.99999 9.99999 99.99999 9.99999 -0.20789 0.10924 0.0009668 1.1577
2461165.4511512 99.99999 9.99999 99.99999 9.99999 -0.41169 0.10640 0.0009668 1.1574
2461165.4512847 99.99999 9.99999 99.99999 9.99999 99.99999 9.99999 0.0009668 1.1570
2461165.4514180 99.99999 9.99999 99.99999 9.99999 -0.29919 0.11277 0.0009668 1.1567
2461165.4518051 99.99999 9.99999 99.99999 9.99999 -0.42239 0.12108 0.0009668 1.1557
2461165.4519375 99.99999 9.99999 99.99999 9.99999 -0.30408 0.11583 0.0009668 1.1554
2461165.4520717 99.99999 9.99999 99.99999 9.99999 -0.10986 0.10890 0.0009668 1.1550
2461165.4522061 99.99999 9.99999 99.99999 9.99999 -0.39924 0.10824 0.0009668 1.1547
2461165.4523405 99.99999 9.99999 99.99999 9.99999 -0.49197 0.11550 0.0009668 1.1543
2461165.4525801 99.99999 9.99999 99.99999 9.99999 -0.41522 0.11413 0.0009668 1.1537
2461165.4527122 99.99999 9.99999 99.99999 9.99999 -0.20457 0.09898 0.0009668 1.1534
2461165.4528453 99.99999 9.99999 99.99999 9.99999 -0.53265 0.10617 0.0009668 1.1531
2461165.4529787 99.99999 9.99999 99.99999 9.99999 -0.30942 0.09060 0.0009668 1.1527
2461165.4531137 99.99999 9.99999 99.99999 9.99999 99.99999 9.99999 0.0009668 1.1524
2461165.4533651 99.99999 9.99999 99.99999 9.99999 -0.26655 0.09826 0.0009668 1.1517
2461165.4534978 99.99999 9.99999 99.99999 9.99999 -0.24874 0.09181 0.0009668 1.1514
2461165.4536323 99.99999 9.99999 99.99999 9.99999 -0.42198 0.09412 0.0009668 1.1511
2461165.4537666 1.42614 0.17630 0.97505 0.18458 -0.45110 0.08436 0.0009668 1.1507
2461165.4538997 99.99999 9.99999 99.99999 9.99999 -0.39693 0.08608 0.0009668 1.1504
2461165.4541511 99.99999 9.99999 99.99999 9.99999 -0.51843 0.10103 0.0009668 1.1498
2461165.4542835 99.99999 9.99999 99.99999 9.99999 -0.21040 0.08641 0.0009668 1.1494
2461165.4544163 99.99999 9.99999 99.99999 9.99999 -0.24758 0.09521 0.0009668 1.1491
2461165.4545497 99.99999 9.99999 99.99999 9.99999 -0.25613 0.09804 0.0009669 1.1488
2461165.4546841 99.99999 9.99999 99.99999 9.99999 -0.08584 0.08926 0.0009669 1.1485
2461165.4549368 99.99999 9.99999 99.99999 9.99999 99.99999 9.99999 0.0009669 1.1478
2461165.4550694 99.99999 9.99999 99.99999 9.99999 -0.07480 0.11285 0.0009669 1.1475
2461165.4552028 99.99999 9.99999 99.99999 9.99999 -0.32057 0.09890 0.0009669 1.1472
2461165.4553371 99.99999 9.99999 99.99999 9.99999 -0.49303 0.11257 0.0009669 1.1468
2461165.4554704 99.99999 9.99999 99.99999 9.99999 -0.42568 0.11281 0.0009669 1.1465
2461165.4557135 99.99999 9.99999 99.99999 9.99999 -0.08389 0.11315 0.0009669 1.1459
2461165.4558460 99.99999 9.99999 99.99999 9.99999 -0.25103 0.10817 0.0009669 1.1456
2461165.4559797 99.99999 9.99999 99.99999 9.99999 -0.20686 0.10762 0.0009669 1.1453
2461165.4561138 99.99999 9.99999 99.99999 9.99999 99.99999 9.99999 0.0009669 1.1449
2461165.4562470 99.99999 9.99999 99.99999 9.99999 -0.32783 0.10739 0.0009669 1.1446
2461165.4564932 99.99999 9.99999 99.99999 9.99999 -0.22609 0.10072 0.0009669 1.1440
2461165.4566254 99.99999 9.99999 99.99999 9.99999 -0.33294 0.10246 0.0009669 1.1437
2461165.4567586 1.90470 0.31021 99.99999 9.99999 99.99999 9.99999 0.0009669 1.1434
2461165.4568928 99.99999 9.99999 99.99999 9.99999 -0.35093 0.09395 0.0009669 1.1430
2461165.4570258 99.99999 9.99999 99.99999 9.99999 99.99999 9.99999 0.0009669 1.1427
2461165.4572723 99.99999 9.99999 99.99999 9.99999 -0.46776 0.09661 0.0009669 1.1421
2461165.4574048 99.99999 9.99999 99.99999 9.99999 -0.39185 0.08730 0.0009669 1.1418
2461165.4575379 99.99999 9.99999 99.99999 9.99999 -0.23156 0.08687 0.0009669 1.1415
2461165.4576722 99.99999 9.99999 99.99999 9.99999 99.99999 9.99999 0.0009669 1.1411
2461165.4578055 1.81623 0.22915 1.46437 0.23270 -0.35186 0.07179 0.0009669 1.1408
2461165.4580522 99.99999 9.99999 99.99999 9.99999 99.99999 9.99999 0.0009669 1.1402
2461165.4581848 99.99999 9.99999 99.99999 9.99999 -0.20042 0.06861 0.0009669 1.1399
2461165.4583180 99.99999 9.99999 99.99999 9.99999 -0.33633 0.07431 0.0009669 1.1396
2461165.4584524 99.99999 9.99999 99.99999 9.99999 -0.29341 0.07142 0.0009669 1.1393
2461165.4585864 99.99999 9.99999 99.99999 9.99999 -0.24060 0.07008 0.0009669 1.1390
2461165.4588359 1.89142 0.23266 1.46068 0.23740 -0.43074 0.07426 0.0009670 1.1384
2461165.4589681 99.99999 9.99999 99.99999 9.99999 99.99999 9.99999 0.0009670 1.1380
2461165.4591013 99.99999 9.99999 99.99999 9.99999 -0.25454 0.07969 0.0009670 1.1377
2461165.4592358 99.99999 9.99999 99.99999 9.99999 -0.40480 0.07808 0.0009670 1.1374
2461165.4593696 1.48305 0.16516 0.99858 0.17224 -0.48447 0.07680 0.0009670 1.1371
2461165.4596106 99.99999 9.99999 99.99999 9.99999 -0.44584 0.08264 0.0009670 1.1365
2461165.4597429 99.99999 9.99999 99.99999 9.99999 -0.34100 0.08818 0.0009670 1.1362
2461165.4598761 99.99999 9.99999 99.99999 9.99999 99.99999 9.99999 0.0009670 1.1359
2461165.4600090 99.99999 9.99999 99.99999 9.99999 -0.35608 0.08610 0.0009670 1.1356
2461165.4601440 99.99999 9.99999 99.99999 9.99999 99.99999 9.99999 0.0009670 1.1353
2461165.4603954 99.99999 9.99999 99.99999 9.99999 -0.22666 0.08205 0.0009670 1.1347
2461165.4605277 99.99999 9.99999 99.99999 9.99999 -0.28760 0.07656 0.0009670 1.1344
2461165.4606608 99.99999 9.99999 99.99999 9.99999 -0.44546 0.07673 0.0009670 1.1341
2461165.4607957 1.70573 0.22577 1.47273 0.22813 -0.23300 0.07295 0.0009670 1.1337
2461165.4609289 99.99999 9.99999 99.99999 9.99999 -0.31843 0.07646 0.0009670 1.1334
2461165.4611687 1.95212 0.26814 1.45231 0.27318 -0.49981 0.07981 0.0009670 1.1329
2461165.4613009 99.99999 9.99999 99.99999 9.99999 -0.39848 0.07907 0.0009670 1.1326
2461165.4614344 99.99999 9.99999 99.99999 9.99999 -0.29708 0.08427 0.0009670 1.1323
2461165.4615677 99.99999 9.99999 99.99999 9.99999 -0.44450 0.08749 0.0009670 1.1320
2461165.4617026 99.99999 9.99999 99.99999 9.99999 -0.34769 0.09105 0.0009670 1.1316
2461165.4619510 99.99999 9.99999 99.99999 9.99999 -0.32015 0.07877 0.0009670 1.1311
2461165.4620839 99.99999 9.99999 99.99999 9.99999 -0.37042 0.07710 0.0009670 1.1308
2461165.4622170 99.99999 9.99999 99.99999 9.99999 -0.67133 0.08871 0.0009670 1.1305
2461165.4623506 99.99999 9.99999 99.99999 9.99999 -0.34579 0.08113 0.0009670 1.1302
2461165.4624838 99.99999 9.99999 99.99999 9.99999 -0.13652 0.07626 0.0009670 1.1299
2461165.4627300 99.99999 9.99999 99.99999 9.99999 -0.30608 0.08428 0.0009670 1.1293
2461165.4628623 99.99999 9.99999 99.99999 9.99999 -0.18837 0.07982 0.0009670 1.1290
2461165.4629954 99.99999 9.99999 99.99999 9.99999 -0.12143 0.07689 0.0009670 1.1287
2461165.4631294 99.99999 9.99999 99.99999 9.99999 -0.30398 0.07623 0.0009671 1.1284
2461165.4632626 99.99999 9.99999 99.99999 9.99999 -0.34937 0.08105 0.0009671 1.1281
2461165.4636398 99.99999 9.99999 99.99999 9.99999 -0.23667 0.08902 0.0009671 1.1272
2461165.4637720 99.99999 9.99999 99.99999 9.99999 -0.29055 0.08658 0.0009671 1.1269
2461165.4639059 99.99999 9.99999 99.99999 9.99999 99.99999 9.99999 0.0009671 1.1266
2461165.4640416 99.99999 9.99999 99.99999 9.99999 -0.23807 0.07558 0.0009671 1.1263
2461165.4642841 99.99999 9.99999 99.99999 9.99999 99.99999 9.99999 0.0009671 1.1258
2461165.4644170 99.99999 9.99999 99.99999 9.99999 -0.17675 0.09372 0.0009671 1.1255
2461165.4645511 99.99999 9.99999 99.99999 9.99999 -0.23924 0.09405 0.0009671 1.1252
2461165.4646842 99.99999 9.99999 99.99999 9.99999 -0.43298 0.09054 0.0009671 1.1249
2461165.4648187 99.99999 9.99999 99.99999 9.99999 -0.16414 0.09073 0.0009671 1.1246
2461165.4650701 99.99999 9.99999 99.99999 9.99999 -0.34524 0.10593 0.0009671 1.1240
2461165.4652026 99.99999 9.99999 99.99999 9.99999 -0.41521 0.09618 0.0009671 1.1237
2461165.4653356 99.99999 9.99999 99.99999 9.99999 -0.36411 0.09196 0.0009671 1.1234
2461165.4654693 99.99999 9.99999 99.99999 9.99999 -0.46558 0.10479 0.0009671 1.1231
2461165.4656023 99.99999 9.99999 99.99999 9.99999 -0.22708 0.09435 0.0009671 1.1228
2461165.4658488 99.99999 9.99999 99.99999 9.99999 -0.40514 0.10100 0.0009671 1.1223
2461165.4659812 99.99999 9.99999 99.99999 9.99999 -0.26630 0.09445 0.0009671 1.1220
2461165.4661145 99.99999 9.99999 99.99999 9.99999 -0.40502 0.10152 0.0009671 1.1217
2461165.4662484 99.99999 9.99999 99.99999 9.99999 -0.26255 0.09516 0.0009671 1.1214
2461165.4663814 99.99999 9.99999 99.99999 9.99999 -0.30288 0.09045 0.0009671 1.1211
2461165.4666290 99.99999 9.99999 99.99999 9.99999 -0.35334 0.09188 0.0009671 1.1206
2461165.4667614 99.99999 9.99999 99.99999 9.99999 -0.09440 0.08720 0.0009671 1.1203
2461165.4668949 99.99999 9.99999 99.99999 9.99999 -0.45495 0.08922 0.0009671 1.1200
2461165.4670284 99.99999 9.99999 99.99999 9.99999 -0.41498 0.09345 0.0009671 1.1197
2461165.4671615 99.99999 9.99999 99.99999 9.99999 -0.38903 0.09705 0.0009671 1.1194
2461165.4674113 99.99999 9.99999 99.99999 9.99999 -0.27126 0.08648 0.0009672 1.1189
2461165.4675437 99.99999 9.99999 99.99999 9.99999 -0.37579 0.08134 0.0009672 1.1186
2461165.4676771 99.99999 9.99999 99.99999 9.99999 -0.29369 0.07529 0.0009672 1.1183
2461165.4679455 99.99999 9.99999 99.99999 9.99999 99.99999 9.99999 0.0009672 1.1177
2461165.4681667 99.99999 9.99999 99.99999 9.99999 -0.19307 0.07052 0.0009672 1.1172
2461165.4682992 99.99999 9.99999 99.99999 9.99999 -0.39929 0.07307 0.0009672 1.1169
2461165.4684324 99.99999 9.99999 99.99999 9.99999 -0.30945 0.07887 0.0009672 1.1167
2461165.4685660 99.99999 9.99999 99.99999 9.99999 -0.31531 0.07551 0.0009672 1.1164
2461165.4686990 99.99999 9.99999 99.99999 9.99999 -0.38660 0.08047 0.0009672 1.1161
2461165.4689486 1.34521 0.16408 1.11921 0.16750 -0.22600 0.07244 0.0009672 1.1156
2461165.4690813 99.99999 9.99999 99.99999 9.99999 -0.36766 0.06733 0.0009672 1.1153
2461165.4692154 99.99999 9.99999 99.99999 9.99999 -0.37945 0.07418 0.0009672 1.1150
2461165.4693502 99.99999 9.99999 99.99999 9.99999 -0.37841 0.07389 0.0009672 1.1147
2461165.4694834 99.99999 9.99999 99.99999 9.99999 99.99999 9.99999 0.0009672 1.1144
2461165.4697364 99.99999 9.99999 99.99999 9.99999 -0.20358 0.07218 0.0009672 1.1139
2461165.4698686 99.99999 9.99999 99.99999 9.99999 -0.51926 0.07956 0.0009672 1.1136
2461165.4700018 99.99999 9.99999 99.99999 9.99999 -0.36005 0.07560 0.0009672 1.1133
2461165.4701347 99.99999 9.99999 99.99999 9.99999 -0.34890 0.06839 0.0009672 1.1130
2461165.4702696 99.99999 9.99999 99.99999 9.99999 -0.33223 0.07639 0.0009672 1.1128
2461165.4705227 99.99999 9.99999 99.99999 9.99999 -0.06795 0.06468 0.0009672 1.1122
2461165.4706553 99.99999 9.99999 99.99999 9.99999 -0.36025 0.07576 0.0009672 1.1119
2461165.4707899 99.99999 9.99999 99.99999 9.99999 -0.34725 0.06429 0.0009672 1.1117
2461165.4709244 1.68019 0.19371 1.37776 0.19656 -0.30244 0.06680 0.0009672 1.1114
2461165.4710582 1.73519 0.21403 1.52614 0.21590 -0.20905 0.06839 0.0009672 1.1111
2461165.4713111 99.99999 9.99999 99.99999 9.99999 -0.27253 0.06361 0.0009672 1.1106
2461165.4714434 99.99999 9.99999 99.99999 9.99999 -0.42788 0.07233 0.0009672 1.1103
2461165.4715765 2.23960 0.30995 1.86041 0.31249 -0.37919 0.06827 0.0009673 1.1100
2461165.4717113 99.99999 9.99999 99.99999 9.99999 -0.28837 0.07073 0.0009673 1.1097
2461165.4718461 99.99999 9.99999 99.99999 9.99999 -0.20935 0.07486 0.0009673 1.1095
2461165.4720858 99.99999 9.99999 99.99999 9.99999 -0.38916 0.07219 0.0009673 1.1090
2461165.4722181 99.99999 9.99999 99.99999 9.99999 -0.49937 0.06982 0.0009673 1.1087
2461165.4723513 99.99999 9.99999 1.20867 0.18206 99.99999 9.99999 0.0009673 1.1084
2461165.4724845 1.39243 0.16454 1.11459 0.16818 -0.27783 0.07028 0.0009673 1.1081
2461165.4726190 1.41975 0.15992 0.98414 0.16632 -0.43561 0.07514 0.0009673 1.1079
2461165.4730009 1.49412 0.17826 1.04158 0.18591 -0.45255 0.08167 0.0009673 1.1071
2461165.4731329 99.99999 9.99999 99.99999 9.99999 -0.28961 0.07390 0.0009673 1.1068
2461165.4732679 99.99999 9.99999 99.99999 9.99999 -0.40610 0.07085 0.0009673 1.1065
2461165.4734026 99.99999 9.99999 99.99999 9.99999 99.99999 9.99999 0.0009673 1.1063
2461165.4736502 99.99999 9.99999 99.99999 9.99999 -0.31795 0.07169 0.0009673 1.1058
2461165.4737824 99.99999 9.99999 99.99999 9.99999 -0.30846 0.07469 0.0009673 1.1055
2461165.4739162 1.71081 0.20557 1.49392 0.20790 -0.21689 0.06385 0.0009673 1.1052
2461165.4740496 99.99999 9.99999 99.99999 9.99999 -0.24162 0.06808 0.0009673 1.1050
2461165.4741839 99.99999 9.99999 99.99999 9.99999 -0.24952 0.06353 0.0009673 1.1047
2461165.4744301 99.99999 9.99999 99.99999 9.99999 -0.39411 0.07089 0.0009673 1.1042
2461165.4746961 99.99999 9.99999 99.99999 9.99999 -0.38123 0.07162 0.0009673 1.1037
2461165.4748283 99.99999 9.99999 99.99999 9.99999 -0.27858 0.06499 0.0009673 1.1034
2461165.4749620 1.77078 0.19107 1.50407 0.19340 -0.26671 0.06005 0.0009673 1.1031
2461165.4752102 99.99999 9.99999 99.99999 9.99999 99.99999 9.99999 0.0009673 1.1026
2461165.4753428 1.34543 0.13031 1.04054 0.13449 -0.30488 0.06160 0.0009673 1.1024
2461165.4754759 99.99999 9.99999 99.99999 9.99999 99.99999 9.99999 0.0009673 1.1021
2461165.4756098 1.79051 0.19258 1.42321 0.19577 -0.36731 0.06044 0.0009673 1.1018
2461165.4757428 99.99999 9.99999 99.99999 9.99999 99.99999 9.99999 0.0009674 1.1016
2461165.4759894 99.99999 9.99999 99.99999 9.99999 -0.29339 0.05536 0.0009674 1.1011
2461165.4761221 1.90977 0.21316 1.63900 0.21516 -0.27077 0.05763 0.0009674 1.1008
2461165.4763905 1.37622 0.14011 1.23780 0.14259 -0.13842 0.05881 0.0009674 1.1003
2461165.4765228 1.58944 0.17598 1.35851 0.17788 -0.23092 0.06115 0.0009674 1.1000
2461165.4766569 99.99999 9.99999 99.99999 9.99999 -0.30513 0.06231 0.0009674 1.0998
2461165.4768951 1.48874 0.14622 1.24703 0.14902 -0.24172 0.05701 0.0009674 1.0993
2461165.4770275 1.37873 0.12823 1.07639 0.13145 -0.30234 0.05746 0.0009674 1.0991
2461165.4771609 99.99999 9.99999 99.99999 9.99999 -0.31418 0.05471 0.0009674 1.0988
2461165.4772954 1.44313 0.13428 1.05767 0.13963 -0.38546 0.06143 0.0009674 1.0985
2461165.4774286 99.99999 9.99999 99.99999 9.99999 -0.31494 0.05622 0.0009674 1.0983
2461165.4776743 99.99999 9.99999 99.99999 9.99999 -0.33031 0.05805 0.0009674 1.0978
2461165.4778071 1.63719 0.15176 1.38423 0.15358 -0.25295 0.05282 0.0009674 1.0975
2461165.4779403 1.56862 0.14675 1.17672 0.15061 -0.39190 0.05848 0.0009674 1.0973
2461165.4780744 99.99999 9.99999 99.99999 9.99999 -0.38060 0.05970 0.0009674 1.0970
2461165.4782085 99.99999 9.99999 99.99999 9.99999 -0.41100 0.06158 0.0009674 1.0968
2461165.4784544 1.39295 0.13171 1.00198 0.13708 -0.39097 0.06283 0.0009674 1.0963
2461165.4785864 99.99999 9.99999 99.99999 9.99999 -0.31864 0.05878 0.0009674 1.0960
2461165.4787206 99.99999 9.99999 99.99999 9.99999 -0.28903 0.06068 0.0009674 1.0958
2461165.4788546 1.47303 0.13586 1.09917 0.13989 -0.37386 0.05809 0.0009674 1.0955
2461165.4789882 99.99999 9.99999 99.99999 9.99999 -0.25460 0.05311 0.0009674 1.0953
2461165.4792221 1.53434 0.13746 1.08157 0.14251 -0.45276 0.05958 0.0009674 1.0948
2461165.4793550 1.81665 0.19397 1.54812 0.19610 -0.26854 0.05976 0.0009674 1.0946
2461165.4794888 99.99999 9.99999 99.99999 9.99999 -0.32959 0.05988 0.0009674 1.0943
2461165.4796219 1.51682 0.14354 1.20691 0.14672 -0.30991 0.05692 0.0009674 1.0941
2461165.4797563 99.99999 9.99999 1.18149 0.13262 99.99999 9.99999 0.0009674 1.0938
2461165.4800038 99.99999 9.99999 99.99999 9.99999 -0.28907 0.05455 0.0009675 1.0933
2461165.4801362 1.37168 0.12220 99.99999 9.99999 99.99999 9.99999 0.0009675 1.0931
2461165.4802694 99.99999 9.99999 99.99999 9.99999 -0.44790 0.05788 0.0009675 1.0928
2461165.4804021 1.67907 0.15654 1.24534 0.16067 -0.43374 0.05955 0.0009675 1.0926
2461165.4805367 1.51684 0.14265 1.31250 0.14432 -0.20434 0.05435 0.0009675 1.0923
2461165.4807800 99.99999 9.99999 99.99999 9.99999 -0.27812 0.05187 0.0009675 1.0919
2461165.4809121 99.99999 9.99999 99.99999 9.99999 -0.31480 0.05282 0.0009675 1.0916
2461165.4810465 99.99999 9.99999 99.99999 9.99999 -0.34166 0.05199 0.0009675 1.0914
2461165.4811794 99.99999 9.99999 99.99999 9.99999 99.99999 9.99999 0.0009675 1.0911
2461165.4813148 99.99999 9.99999 99.99999 9.99999 -0.44772 0.05395 0.0009675 1.0909
2461165.4815606 1.39722 0.13570 1.26795 0.13700 -0.12927 0.05536 0.0009675 1.0904
2461165.4816934 99.99999 9.99999 99.99999 9.99999 -0.10966 0.05484 0.0009675 1.0902
2461165.4818279 99.99999 9.99999 1.30504 0.16608 99.99999 9.99999 0.0009675 1.0899
2461165.4819620 1.48998 0.13563 1.32369 0.13728 -0.16629 0.05313 0.0009675 1.0897
2461165.4820964 99.99999 9.99999 99.99999 9.99999 -0.31427 0.05207 0.0009675 1.0894
2461165.4823294 99.99999 9.99999 99.99999 9.99999 -0.18656 0.05716 0.0009675 1.0890
2461165.4824619 99.99999 9.99999 1.21283 0.13734 99.99999 9.99999 0.0009675 1.0888
2461165.4825955 1.53813 0.14260 99.99999 9.99999 99.99999 9.99999 0.0009675 1.0885
2461165.4827287 1.53715 0.15422 1.30846 0.15684 -0.22869 0.05993 0.0009675 1.0883
2461165.4828631 99.99999 9.99999 99.99999 9.99999 99.99999 9.99999 0.0009675 1.0880
2461165.4831067 1.66036 0.14697 1.29975 0.15008 -0.36060 0.05410 0.0009675 1.0876
2461165.4832391 1.84791 0.17193 1.52057 0.17410 -0.32733 0.05146 0.0009675 1.0874
2461165.4833732 99.99999 9.99999 1.35823 0.15530 99.99999 9.99999 0.0009675 1.0871
2461165.4835080 99.99999 9.99999 99.99999 9.99999 -0.30449 0.04976 0.0009675 1.0869
2461165.4836420 99.99999 9.99999 99.99999 9.99999 -0.46860 0.05201 0.0009675 1.0866
2461165.4841432 1.26160 0.11357 1.06501 0.11654 -0.19659 0.05442 0.0009675 1.0857
2461165.4842752 99.99999 9.99999 99.99999 9.99999 -0.23857 0.05163 0.0009676 1.0855
2461165.4844087 1.33099 0.10012 0.84188 0.10631 -0.48911 0.05367 0.0009676 1.0852
2461165.4846456 1.16347 0.10366 0.90755 0.10670 -0.25592 0.05299 0.0009676 1.0848
2461165.4847777 99.99999 9.99999 1.42285 0.15258 99.99999 9.99999 0.0009676 1.0846
2461165.4849114 1.45805 0.11418 1.04766 0.11835 -0.41039 0.05183 0.0009676 1.0843
2461165.4850448 1.26806 0.09554 0.89685 0.09966 -0.37121 0.04920 0.0009676 1.0841
2461165.4851798 1.58561 0.10526 1.17452 0.10835 -0.41109 0.04340 0.0009676 1.0839
2461165.4854199 1.54038 0.10600 1.24000 0.10816 -0.30038 0.04113 0.0009676 1.0834
2461165.4855521 1.44877 0.10321 1.09271 0.10644 -0.35606 0.04496 0.0009676 1.0832
2461165.4856858 1.38154 0.09087 0.96322 0.09491 -0.41833 0.04471 0.0009676 1.0830
2461165.4858199 1.23876 0.09602 1.00911 0.09862 -0.22964 0.04599 0.0009676 1.0827
2461165.4859539 1.64165 0.11445 1.20623 0.11776 -0.43542 0.04369 0.0009676 1.0825
2461165.4861908 99.99999 9.99999 99.99999 9.99999 -0.33360 0.04713 0.0009676 1.0821
2461165.4863231 1.25314 0.09579 1.04041 0.09823 -0.21273 0.04687 0.0009676 1.0819
2461165.4864570 1.46497 0.11091 1.20136 0.11334 -0.26361 0.04482 0.0009676 1.0816
2461165.4865901 99.99999 9.99999 99.99999 9.99999 -0.38479 0.04559 0.0009676 1.0814
2461165.4867245 1.28824 0.08604 0.83199 0.09045 -0.45625 0.04493 0.0009676 1.0812
2461165.4869710 99.99999 9.99999 99.99999 9.99999 99.99999 9.99999 0.0009676 1.0807
2461165.4871033 99.99999 9.99999 99.99999 9.99999 -0.44326 0.04690 0.0009676 1.0805
2461165.4872374 1.31806 0.09401 1.12700 0.09604 -0.19105 0.04364 0.0009676 1.0803
2461165.4873706 1.45547 0.10338 1.12557 0.10609 -0.32991 0.04527 0.0009676 1.0800
2461165.4875061 1.14916 0.09152 1.03033 0.09286 -0.11883 0.04575 0.0009676 1.0798
2461165.4877511 1.48992 0.10367 1.25157 0.10511 -0.23835 0.03986 0.0009676 1.0794
2461165.4878839 99.99999 9.99999 99.99999 9.99999 99.99999 9.99999 0.0009676 1.0792
2461165.4880178 99.99999 9.99999 99.99999 9.99999 99.99999 9.99999 0.0009676 1.0789
2461165.4882857 1.27890 0.08596 0.95767 0.08932 -0.32123 0.04267 0.0009676 1.0785
2461165.4885056 99.99999 9.99999 0.81760 0.08541 99.99999 9.99999 0.0009677 1.0781
2461165.4886380 99.99999 9.99999 99.99999 9.99999 -0.30589 0.04398 0.0009677 1.0779
2461165.4887725 1.49768 0.10422 1.08727 0.10759 -0.41041 0.04367 0.0009677 1.0776
2461165.4889069 1.18947 0.08679 1.02301 0.08838 -0.16646 0.04212 0.0009677 1.0774
2461165.4890399 1.26672 0.09177 0.91778 0.09583 -0.34894 0.04823 0.0009677 1.0772
2461165.4892736 1.22533 0.08572 99.99999 9.99999 99.99999 9.99999 0.0009677 1.0768
2461165.4894058 1.24283 0.09138 0.97956 0.09419 -0.26327 0.04540 0.0009677 1.0766
2461165.4895389 1.29809 0.09172 0.92624 0.09598 -0.37185 0.04739 0.0009677 1.0763
2461165.4896738 99.99999 9.99999 1.10973 0.09986 99.99999 9.99999 0.0009677 1.0761
2461165.4900441 99.99999 9.99999 0.97821 0.09170 99.99999 9.99999 0.0009677 1.0755
2461165.4901764 1.41261 0.09656 99.99999 9.99999 99.99999 9.99999 0.0009677 1.0753
2461165.4903094 99.99999 9.99999 99.99999 9.99999 -0.36222 0.04520 0.0009677 1.0750
2461165.4904437 99.99999 9.99999 99.99999 9.99999 99.99999 9.99999 0.0009677 1.0748
2461165.4905781 99.99999 9.99999 1.03885 0.10408 99.99999 9.99999 0.0009677 1.0746
2461165.4908149 99.99999 9.99999 99.99999 9.99999 -0.23185 0.04363 0.0009677 1.0742
2461165.4909470 1.17575 0.08596 0.90210 0.08861 -0.27365 0.04246 0.0009677 1.0740
2461165.4910810 99.99999 9.99999 99.99999 9.99999 -0.16362 0.04178 0.0009677 1.0738
2461165.4912139 1.10898 0.08340 0.86483 0.08596 -0.24415 0.04471 0.0009677 1.0736
2461165.4913473 99.99999 9.99999 99.99999 9.99999 -0.36779 0.04126 0.0009677 1.0733
2461165.4915849 1.19516 0.09017 0.87044 0.09399 -0.32471 0.04646 0.0009677 1.0729
2461165.4917182 1.17211 0.07441 99.99999 9.99999 99.99999 9.99999 0.0009677 1.0727
2461165.4918509 1.13202 0.07845 0.90528 0.08095 -0.22674 0.04069 0.0009677 1.0725
2461165.4919858 1.06292 0.08217 0.83030 0.08452 -0.23262 0.04758 0.0009677 1.0723
2461165.4921202 1.05190 0.08063 0.77191 0.08380 -0.27999 0.04585 0.0009677 1.0721
2461165.4923531 1.15962 0.08042 0.84406 0.08405 -0.31557 0.04249 0.0009677 1.0717
2461165.4924852 1.19661 0.08159 0.94915 0.08333 -0.24746 0.04275 0.0009677 1.0715
2461165.4926188 0.92926 0.07235 0.66915 0.07585 -0.26011 0.04554 0.0009677 1.0713
2461165.4927516 1.03300 0.08067 0.75250 0.08543 -0.28050 0.04762 0.0009678 1.0710
2461165.4928874 99.99999 9.99999 99.99999 9.99999 99.99999 9.99999 0.0009678 1.0708
2461165.4932597 1.10429 0.08010 0.73737 0.08403 -0.36692 0.04526 0.0009678 1.0702
2461165.4933922 1.25821 0.08941 0.91999 0.09343 -0.33821 0.04696 0.0009678 1.0700
2461165.4935255 1.23537 0.08528 0.71242 0.09134 -0.52294 0.04869 0.0009678 1.0698
2461165.4936590 99.99999 9.99999 99.99999 9.99999 -0.32856 0.04797 0.0009678 1.0696
2461165.4938938 99.99999 9.99999 99.99999 9.99999 -0.23495 0.04203 0.0009678 1.0692
2461165.4940260 1.04023 0.07281 0.68997 0.07741 -0.35026 0.04492 0.0009678 1.0690
2461165.4941600 1.23003 0.08189 0.93029 0.08449 -0.29973 0.03909 0.0009678 1.0688
2461165.4942950 1.13886 0.08006 0.91696 0.08294 -0.22190 0.04363 0.0009678 1.0686
2461165.4944294 1.30842 0.09117 1.00167 0.09400 -0.30674 0.04304 0.0009678 1.0684
2461165.4946664 1.03811 0.07756 0.80606 0.08124 -0.23206 0.04503 0.0009678 1.0680
2461165.4947985 1.35765 0.09621 1.06471 0.09895 -0.29295 0.04492 0.0009678 1.0678
2461165.4949326 1.02801 0.06660 0.58883 0.07134 -0.43918 0.04306 0.0009678 1.0676
2461165.4950668 99.99999 9.99999 99.99999 9.99999 99.99999 9.99999 0.0009678 1.0674
2461165.4951999 99.99999 9.99999 0.93509 0.08861 99.99999 9.99999 0.0009678 1.0671
2461165.4954377 0.71405 0.06803 0.58281 0.06965 -0.13124 0.04716 0.0009678 1.0668
2461165.4955698 1.22849 0.08154 0.86940 0.08474 -0.35909 0.04295 0.0009678 1.0666
2461165.4957041 1.13481 0.07586 0.81988 0.07911 -0.31492 0.04109 0.0009678 1.0664
2461165.4958378 1.50031 0.11076 1.19651 0.11302 -0.30379 0.04274 0.0009678 1.0662
2461165.4959708 1.25488 0.08896 0.95566 0.09186 -0.29922 0.04405 0.0009678 1.0659
2461165.4962124 1.32311 0.08636 0.83398 0.09092 -0.48914 0.04396 0.0009678 1.0656
2461165.4963453 99.99999 9.99999 0.85597 0.08797 99.99999 9.99999 0.0009678 1.0654
2461165.4964784 0.94870 0.07612 0.86138 0.07712 -0.08732 0.04353 0.0009678 1.0652
2461165.4966116 1.08138 0.07823 0.79565 0.08177 -0.28574 0.04375 0.0009678 1.0650
2461165.4967459 99.99999 9.99999 99.99999 9.99999 99.99999 9.99999 0.0009678 1.0648
2461165.4969901 0.99263 0.06795 0.63822 0.07184 -0.35441 0.04248 0.0009679 1.0644
2461165.4971224 1.09832 0.07674 0.75887 0.08085 -0.33946 0.04554 0.0009679 1.0642
2461165.4972566 1.05749 0.07509 0.81616 0.07796 -0.24133 0.04202 0.0009679 1.0640
2461165.4973898 1.17847 0.07861 0.80464 0.08268 -0.37383 0.04330 0.0009679 1.0638
2461165.4975245 1.25819 0.08899 0.84804 0.09322 -0.41015 0.04703 0.0009679 1.0636
2461165.4977676 1.28386 0.08926 0.98531 0.09130 -0.29854 0.04215 0.0009679 1.0632
2461165.4978999 99.99999 9.99999 99.99999 9.99999 -0.25101 0.04069 0.0009679 1.0630
2461165.4980347 1.20307 0.08204 99.99999 9.99999 99.99999 9.99999 0.0009679 1.0628
2461165.4981679 1.18827 0.08315 0.90615 0.08585 -0.28212 0.04426 0.0009679 1.0626
2461165.4983019 99.99999 9.99999 99.99999 9.99999 -0.35681 0.04321 0.0009679 1.0624
2461165.4985521 1.16708 0.07032 0.81826 0.07358 -0.34883 0.03880 0.0009679 1.0620
2461165.4986846 1.23317 0.07650 0.97223 0.07875 -0.26094 0.03868 0.0009679 1.0618
2461165.4988180 99.99999 9.99999 99.99999 9.99999 99.99999 9.99999 0.0009679 1.0616
2461165.4989517 1.05032 0.07258 0.73721 0.07542 -0.31311 0.04187 0.0009679 1.0614
2461165.4990853 1.17602 0.07607 0.82264 0.08006 -0.35338 0.04254 0.0009679 1.0612
2461165.4993277 1.22515 0.07759 0.79846 0.08236 -0.42669 0.04374 0.0009679 1.0609
2461165.4994598 1.07968 0.07478 0.87910 0.07673 -0.20058 0.03944 0.0009679 1.0607
2461165.4995945 1.43260 0.08747 0.97751 0.09100 -0.45509 0.03964 0.0009679 1.0605
2461165.4997286 1.30793 0.08298 0.89650 0.08706 -0.41142 0.04268 0.0009679 1.0603
2461165.4998618 1.08300 0.07300 0.73709 0.07627 -0.34592 0.04223 0.0009679 1.0601
2461165.5000972 1.18988 0.08578 0.84780 0.08987 -0.34207 0.04727 0.0009679 1.0597
2461165.5002302 99.99999 9.99999 99.99999 9.99999 -0.23998 0.04275 0.0009679 1.0595
2461165.5003639 1.15382 0.08002 0.85745 0.08251 -0.29637 0.04323 0.0009679 1.0593
2461165.5004977 1.29489 0.08777 1.00404 0.09000 -0.29085 0.04085 0.0009679 1.0591
2461165.5006314 1.19157 0.07837 0.83374 0.08221 -0.35783 0.04176 0.0009679 1.0589
2461165.5008729 1.05670 0.07213 0.76615 0.07537 -0.29055 0.04310 0.0009679 1.0586
2461165.5010050 99.99999 9.99999 99.99999 9.99999 -0.21591 0.04336 0.0009679 1.0584
2461165.5011395 1.07234 0.07226 0.80540 0.07584 -0.26694 0.04299 0.0009680 1.0582
2461165.5012742 99.99999 9.99999 99.99999 9.99999 -0.36940 0.04498 0.0009680 1.0580
2461165.5014072 99.99999 9.99999 0.80600 0.07369 99.99999 9.99999 0.0009680 1.0578
2461165.5016431 1.30762 0.07905 0.97260 0.08179 -0.33502 0.03803 0.0009680 1.0575
2461165.5017759 1.16468 0.07823 0.89138 0.08126 -0.27329 0.04315 0.0009680 1.0573
2461165.5019090 1.10515 0.06970 0.88854 0.07178 -0.21662 0.03652 0.0009680 1.0571
2461165.5020431 1.03841 0.07902 0.84067 0.08050 -0.19774 0.04334 0.0009680 1.0569
2461165.5021764 1.14760 0.06689 0.77335 0.07056 -0.37424 0.03898 0.0009680 1.0567
2461165.5024191 99.99999 9.99999 99.99999 9.99999 -0.40958 0.04223 0.0009680 1.0564
2461165.5025512 0.93263 0.06749 0.66668 0.06987 -0.26595 0.04121 0.0009680 1.0562
2461165.5026853 1.33170 0.07628 0.90952 0.08007 -0.42218 0.03893 0.0009680 1.0560
2461165.5028187 1.41466 0.07971 0.81049 0.08461 -0.60418 0.04042 0.0009680 1.0558
2461165.5029537 99.99999 9.99999 0.90045 0.08471 99.99999 9.99999 0.0009680 1.0556
2461165.5032022 1.22202 0.08071 0.78566 0.08484 -0.43636 0.04421 0.0009680 1.0553
2461165.5033346 0.98285 0.07219 0.66118 0.07617 -0.32167 0.04661 0.0009680 1.0551
2461165.5034682 99.99999 9.99999 99.99999 9.99999 -0.40650 0.04144 0.0009680 1.0549
2461165.5036013 99.99999 9.99999 99.99999 9.99999 -0.33602 0.04050 0.0009680 1.0547
2461165.5037361 1.29544 0.08436 0.93596 0.08804 -0.35948 0.04264 0.0009680 1.0545
2461165.5039815 99.99999 9.99999 0.85086 0.07664 99.99999 9.99999 0.0009680 1.0542
2461165.5041143 1.16587 0.07574 0.79545 0.07983 -0.37042 0.04128 0.0009680 1.0540
2461165.5042475 1.22182 0.07538 99.99999 9.99999 99.99999 9.99999 0.0009680 1.0538
2461165.5045148 99.99999 9.99999 99.99999 9.99999 -0.47169 0.04207 0.0009680 1.0534
2461165.5046474 1.23214 0.07688 0.87132 0.08025 -0.36082 0.04107 0.0009680 1.0533
2461165.5050108 1.25457 0.07879 0.82111 0.08245 -0.43346 0.04160 0.0009680 1.0528
2461165.5051430 99.99999 9.99999 0.91994 0.07418 99.99999 9.99999 0.0009680 1.0526
2461165.5052770 1.21551 0.06965 0.78849 0.07343 -0.42702 0.03925 0.0009680 1.0524
2461165.5054116 99.99999 9.99999 99.99999 9.99999 -0.27529 0.04150 0.0009681 1.0522
2461165.5056458 99.99999 9.99999 99.99999 9.99999 -0.52199 0.04046 0.0009681 1.0519
2461165.5057788 99.99999 9.99999 99.99999 9.99999 -0.36482 0.04349 0.0009681 1.0517
2461165.5059131 1.06641 0.07377 0.70395 0.07748 -0.36245 0.04360 0.0009681 1.0515
2461165.5060464 1.32721 0.08545 0.96211 0.08840 -0.36511 0.04030 0.0009681 1.0513
2461165.5061797 1.19740 0.07958 0.85837 0.08309 -0.33903 0.04233 0.0009681 1.0512
2461165.5064171 1.03720 0.07141 0.65048 0.07609 -0.38672 0.04501 0.0009681 1.0508
2461165.5065491 1.06072 0.07990 0.82354 0.08274 -0.23718 0.04366 0.0009681 1.0507
2461165.5066830 1.29791 0.08937 0.98124 0.09246 -0.31667 0.04299 0.0009681 1.0505
2461165.5068177 99.99999 9.99999 0.73429 0.08288 99.99999 9.99999 0.0009681 1.0503
2461165.5069510 99.99999 9.99999 0.86995 0.07863 99.99999 9.99999 0.0009681 1.0501
2461165.5071873 99.99999 9.99999 99.99999 9.99999 -0.22823 0.04134 0.0009681 1.0498
2461165.5073204 1.16570 0.08004 0.80448 0.08386 -0.36122 0.04420 0.0009681 1.0496
2461165.5074538 1.05094 0.07374 99.99999 9.99999 99.99999 9.99999 0.0009681 1.0495
2461165.5075867 1.14999 0.07465 0.76601 0.07926 -0.38399 0.04474 0.0009681 1.0493
2461165.5077211 1.11394 0.07792 0.87901 0.07995 -0.23493 0.04142 0.0009681 1.0491
2461165.5079633 1.04603 0.07158 0.79789 0.07469 -0.24814 0.04188 0.0009681 1.0488
2461165.5080956 1.03580 0.07462 99.99999 9.99999 99.99999 9.99999 0.0009681 1.0486
2461165.5082294 1.08335 0.07197 0.71361 0.07584 -0.36974 0.04117 0.0009681 1.0484
2461165.5083645 1.29365 0.08049 0.88384 0.08442 -0.40982 0.04114 0.0009681 1.0483
2461165.5084980 0.89210 0.07191 0.76521 0.07361 -0.12689 0.04431 0.0009681 1.0481
2461165.5087439 99.99999 9.99999 99.99999 9.99999 -0.16991 0.04305 0.0009681 1.0478
2461165.5088770 1.22562 0.07852 0.93039 0.08120 -0.29523 0.03950 0.0009681 1.0476
2461165.5090102 1.10283 0.07217 0.84427 0.07451 -0.25856 0.03996 0.0009681 1.0474
2461165.5091443 1.06162 0.06517 0.70425 0.06933 -0.35737 0.03900 0.0009681 1.0472
2461165.5092773 99.99999 9.99999 99.99999 9.99999 -0.16351 0.04025 0.0009681 1.0471
2461165.5095200 1.04233 0.07293 0.63790 0.07787 -0.40443 0.04414 0.0009681 1.0468
2461165.5096521 1.11266 0.07669 0.74962 0.08093 -0.36304 0.04506 0.0009682 1.0466
2461165.5097864 99.99999 9.99999 99.99999 9.99999 99.99999 9.99999 0.0009682 1.0464
2461165.5099211 99.99999 9.99999 0.72303 0.07444 99.99999 9.99999 0.0009682 1.0463
2461165.5100542 1.01990 0.06989 99.99999 9.99999 99.99999 9.99999 0.0009682 1.0461
2461165.5102902 99.99999 9.99999 99.99999 9.99999 -0.23191 0.04069 0.0009682 1.0458
2461165.5104224 0.98618 0.06525 99.99999 9.99999 99.99999 9.99999 0.0009682 1.0456
2461165.5105558 1.27461 0.07853 0.81357 0.08347 -0.46104 0.04329 0.0009682 1.0454
2461165.5106888 99.99999 9.99999 99.99999 9.99999 -0.45103 0.04542 0.0009682 1.0453
2461165.5108235 99.99999 9.99999 0.79382 0.08379 99.99999 9.99999 0.0009682 1.0451
2461165.5110669 99.99999 9.99999 99.99999 9.99999 -0.44070 0.04559 0.0009682 1.0448
2461165.5111993 99.99999 9.99999 0.64565 0.07429 99.99999 9.99999 0.0009682 1.0446
2461165.5113336 1.04884 0.07289 99.99999 9.99999 99.99999 9.99999 0.0009682 1.0445
2461165.5114678 1.20510 0.08107 0.91132 0.08412 -0.29378 0.04284 0.0009682 1.0443
2461165.5116012 1.09700 0.08034 0.72281 0.08491 -0.37419 0.04842 0.0009682 1.0441
2461165.5119681 1.16131 0.07285 0.77295 0.07733 -0.38835 0.04240 0.0009682 1.0437
2461165.5121002 0.92193 0.06664 99.99999 9.99999 99.99999 9.99999 0.0009682 1.0435
2461165.5122346 1.33986 0.09030 0.96874 0.09403 -0.37112 0.04384 0.0009682 1.0433
2461165.5123683 1.18303 0.07619 99.99999 9.99999 99.99999 9.99999 0.0009682 1.0432
2461165.5126064 1.14264 0.06784 0.69303 0.07308 -0.44961 0.04185 0.0009682 1.0429
2461165.5127390 1.13801 0.07629 0.85543 0.07937 -0.28258 0.04293 0.0009682 1.0427
2461165.5128727 1.09602 0.07318 0.81543 0.07611 -0.28059 0.04102 0.0009682 1.0426
2461165.5130058 1.03637 0.07097 0.62056 0.07542 -0.41582 0.04388 0.0009682 1.0424
2461165.5131401 0.97839 0.06905 0.65180 0.07286 -0.32658 0.04307 0.0009682 1.0422
2461165.5133846 0.85781 0.06487 0.64630 0.06676 -0.21151 0.04196 0.0009682 1.0419
2461165.5135170 1.26580 0.08514 0.80198 0.09006 -0.46382 0.04729 0.0009682 1.0418
2461165.5137847 99.99999 9.99999 0.81493 0.08486 99.99999 9.99999 0.0009682 1.0415
2461165.5139169 99.99999 9.99999 99.99999 9.99999 -0.42236 0.04391 0.0009683 1.0413
2461165.5141456 99.99999 9.99999 99.99999 9.99999 -0.39449 0.04235 0.0009683 1.0410
2461165.5144119 99.99999 9.99999 0.68492 0.07890 99.99999 9.99999 0.0009683 1.0407
2461165.5145445 99.99999 9.99999 0.68068 0.07675 99.99999 9.99999 0.0009683 1.0405
2461165.5146799 1.03024 0.07634 0.69796 0.07946 -0.33228 0.04492 0.0009683 1.0404
2461165.5150526 99.99999 9.99999 99.99999 9.99999 -0.36951 0.04463 0.0009683 1.0399
2461165.5151850 1.15381 0.08296 0.86015 0.08625 -0.29366 0.04406 0.0009683 1.0398
2461165.5153181 1.14707 0.08101 99.99999 9.99999 99.99999 9.99999 0.0009683 1.0396
2461165.5154529 1.13034 0.07543 0.88071 0.07822 -0.24963 0.04253 0.0009683 1.0395
2461165.5156887 1.47211 0.09362 1.00979 0.09748 -0.46232 0.04213 0.0009683 1.0392
2461165.5159553 1.13730 0.07555 0.80185 0.07921 -0.33546 0.04334 0.0009683 1.0389
2461165.5160884 1.25750 0.08853 0.94956 0.09109 -0.30794 0.04235 0.0009683 1.0387
2461165.5162224 1.23934 0.08921 0.74985 0.09484 -0.48949 0.04967 0.0009683 1.0386
2461165.5164595 99.99999 9.99999 99.99999 9.99999 -0.14914 0.04200 0.0009683 1.0383
2461165.5165924 1.15513 0.07371 0.78290 0.07757 -0.37223 0.04124 0.0009683 1.0382
2461165.5167259 0.95542 0.06911 0.56790 0.07443 -0.38752 0.04694 0.0009683 1.0380
2461165.5168604 99.99999 9.99999 99.99999 9.99999 99.99999 9.99999 0.0009683 1.0378
2461165.5169938 99.99999 9.99999 99.99999 9.99999 99.99999 9.99999 0.0009683 1.0377
2461165.5173736 1.26528 0.07703 0.85914 0.08163 -0.40614 0.04241 0.0009683 1.0373
2461165.5175061 99.99999 9.99999 0.79371 0.08127 99.99999 9.99999 0.0009683 1.0371
2461165.5177736 99.99999 9.99999 99.99999 9.99999 -0.18237 0.04425 0.0009683 1.0368
2461165.5179939 1.22463 0.07845 0.69194 0.08473 -0.53269 0.04725 0.0009683 1.0366
2461165.5182609 0.92370 0.08093 0.80615 0.08264 -0.11755 0.04688 0.0009684 1.0363
2461165.5183950 1.08899 0.07538 99.99999 9.99999 99.99999 9.99999 0.0009684 1.0361
2461165.5185282 1.14577 0.07719 0.74517 0.08200 -0.40059 0.04542 0.0009684 1.0360
2461165.5187646 99.99999 9.99999 99.99999 9.99999 -0.45340 0.04690 0.0009684 1.0357
2461165.5188977 99.99999 9.99999 0.91293 0.08645 99.99999 9.99999 0.0009684 1.0355
2461165.5190303 1.14448 0.07896 0.91146 0.08131 -0.23302 0.04233 0.0009684 1.0354
2461165.5191635 1.05511 0.07699 0.90040 0.07877 -0.15471 0.03977 0.0009684 1.0353
2461165.5192982 1.24918 0.08560 0.77432 0.09120 -0.47485 0.04612 0.0009684 1.0351
2461165.5195438 1.44835 0.09341 0.95406 0.09822 -0.49430 0.04356 0.0009684 1.0348
2461165.5196764 1.23757 0.08931 1.06215 0.09115 -0.17541 0.04355 0.0009684 1.0347
2461165.5198094 1.14011 0.08527 0.92843 0.08724 -0.21169 0.04344 0.0009684 1.0345
2461165.5199443 1.38551 0.09416 1.02150 0.09776 -0.36402 0.04367 0.0009684 1.0344
2461165.5200776 1.19171 0.07509 0.78354 0.07934 -0.40816 0.04249 0.0009684 1.0343
2461165.5203112 99.99999 9.99999 99.99999 9.99999 99.99999 9.99999 0.0009684 1.0340
2461165.5204437 1.37110 0.09576 1.08209 0.09779 -0.28901 0.04170 0.0009684 1.0339
2461165.5205774 99.99999 9.99999 99.99999 9.99999 -0.23294 0.04411 0.0009684 1.0337
2461165.5207106 99.99999 9.99999 99.99999 9.99999 -0.33931 0.04250 0.0009684 1.0336
2461165.5208456 1.24591 0.08799 0.89433 0.09216 -0.35158 0.04583 0.0009684 1.0334
2461165.5212236 99.99999 9.99999 99.99999 9.99999 99.99999 9.99999 0.0009684 1.0330
2461165.5213556 1.34151 0.08606 0.97511 0.08962 -0.36640 0.04227 0.0009684 1.0329
2461165.5214904 99.99999 9.99999 0.76577 0.08336 99.99999 9.99999 0.0009684 1.0327
2461165.5218366 1.11066 0.07346 0.73407 0.07806 -0.37659 0.04320 0.0009684 1.0324
2461165.5219691 1.03215 0.07470 0.68954 0.07872 -0.34261 0.04469 0.0009684 1.0322
2461165.5221031 99.99999 9.99999 99.99999 9.99999 -0.44972 0.04879 0.0009684 1.0321
2461165.5222375 99.99999 9.99999 99.99999 9.99999 -0.20768 0.04351 0.0009684 1.0319
2461165.5223722 1.39117 0.08587 0.84967 0.09073 -0.54150 0.04264 0.0009685 1.0318
2461165.5226181 99.99999 9.99999 0.98595 0.09880 99.99999 9.99999 0.0009685 1.0315
2461165.5227505 99.99999 9.99999 1.19130 0.10466 99.99999 9.99999 0.0009685 1.0314
2461165.5228836 1.23789 0.08740 0.97051 0.08950 -0.26738 0.04163 0.0009685 1.0313
2461165.5230171 1.19447 0.07668 0.95109 0.07912 -0.24337 0.03950 0.0009685 1.0311
2461165.5231508 99.99999 9.99999 99.99999 9.99999 -0.38057 0.04366 0.0009685 1.0310
2461165.5233881 1.13296 0.08076 99.99999 9.99999 99.99999 9.99999 0.0009685 1.0308
2461165.5235206 1.31223 0.08208 0.89194 0.08577 -0.42028 0.04131 0.0009685 1.0306
2461165.5236540 1.06473 0.07300 0.69151 0.07779 -0.37322 0.04481 0.0009685 1.0305
2461165.5237881 99.99999 9.99999 99.99999 9.99999 -0.34644 0.04047 0.0009685 1.0303
2461165.5239223 99.99999 9.99999 99.99999 9.99999 -0.30639 0.04078 0.0009685 1.0302
2461165.5241679 1.30486 0.08497 0.95462 0.08775 -0.35024 0.04047 0.0009685 1.0300
2461165.5243004 1.25383 0.08568 1.00680 0.08816 -0.24703 0.04199 0.0009685 1.0298
2461165.5244335 99.99999 9.99999 99.99999 9.99999 -0.27071 0.04331 0.0009685 1.0297
2461165.5245677 1.33627 0.09108 0.95483 0.09444 -0.38144 0.04476 0.0009685 1.0296
2461165.5247024 99.99999 9.99999 99.99999 9.99999 -0.34354 0.04239 0.0009685 1.0294
2461165.5249481 0.99199 0.07863 0.67267 0.08318 -0.31932 0.04903 0.0009685 1.0292
2461165.5250805 1.14286 0.07441 0.78767 0.07837 -0.35519 0.04240 0.0009685 1.0290
2461165.5252146 1.19114 0.07820 0.65622 0.08513 -0.53491 0.04781 0.0009685 1.0289
2461165.5253485 1.05672 0.08166 99.99999 9.99999 99.99999 9.99999 0.0009685 1.0288
2461165.5254826 1.18431 0.08336 0.92557 0.08541 -0.25875 0.04359 0.0009685 1.0286
2461165.5257186 1.42549 0.09513 99.99999 9.99999 99.99999 9.99999 0.0009685 1.0284
2461165.5258511 1.41615 0.09933 1.06940 0.10218 -0.34675 0.04363 0.0009685 1.0283
2461165.5259840 1.13352 0.07985 0.84752 0.08286 -0.28600 0.04306 0.0009685 1.0281
2461165.5261171 1.31224 0.09387 1.11462 0.09574 -0.19762 0.04173 0.0009685 1.0280
2461165.5262511 1.04586 0.07542 0.79147 0.07775 -0.25439 0.04312 0.0009685 1.0279
2461165.5264987 99.99999 9.99999 99.99999 9.99999 -0.39958 0.04584 0.0009685 1.0276
2461165.5266313 99.99999 9.99999 99.99999 9.99999 -0.34552 0.04600 0.0009686 1.0275
2461165.5267643 1.26219 0.08646 1.02908 0.08832 -0.23311 0.04050 0.0009686 1.0274
2461165.5268973 1.12745 0.08303 0.93677 0.08488 -0.19068 0.04328 0.0009686 1.0273
2461165.5270316 1.24764 0.08204 1.01395 0.08443 -0.23369 0.03944 0.0009686 1.0271
2461165.5272788 99.99999 9.99999 99.99999 9.99999 -0.47005 0.04232 0.0009686 1.0269
2461165.5274115 1.15395 0.08560 0.86812 0.08894 -0.28583 0.04470 0.0009686 1.0268
2461165.5275448 1.14178 0.07562 0.69068 0.08068 -0.45110 0.04531 0.0009686 1.0266
2461165.5276780 1.30619 0.09638 1.02483 0.09941 -0.28135 0.04556 0.0009686 1.0265
2461165.5278126 1.22573 0.08625 0.91448 0.08879 -0.31125 0.04371 0.0009686 1.0264
2461165.5280589 99.99999 9.99999 0.64775 0.08853 99.99999 9.99999 0.0009686 1.0261
2461165.5281913 1.18238 0.07490 0.72994 0.07895 -0.45244 0.04272 0.0009686 1.0260
2461165.5283247 99.99999 9.99999 0.57455 0.08271 99.99999 9.99999 0.0009686 1.0259
2461165.5284586 1.14647 0.07688 99.99999 9.99999 99.99999 9.99999 0.0009686 1.0258
2461165.5285933 0.99339 0.07267 0.62942 0.07693 -0.36397 0.04569 0.0009686 1.0256
2461165.5288406 99.99999 9.99999 99.99999 9.99999 -0.20739 0.04562 0.0009686 1.0254
2461165.5289728 1.24350 0.08633 0.92243 0.08950 -0.32107 0.04427 0.0009686 1.0253
2461165.5291065 1.30877 0.08824 0.79320 0.09396 -0.51557 0.04774 0.0009686 1.0252
2461165.5292408 1.33992 0.09538 1.10261 0.09686 -0.23731 0.04279 0.0009686 1.0250
2461165.5293741 1.08797 0.08432 0.85135 0.08651 -0.23662 0.04589 0.0009686 1.0249
2461165.5296102 1.09726 0.08441 0.79194 0.08701 -0.30532 0.04486 0.0009686 1.0247
2461165.5297426 1.20584 0.07912 0.70916 0.08414 -0.49668 0.04499 0.0009686 1.0246
2461165.5298759 0.99485 0.07923 0.78136 0.08193 -0.21349 0.04611 0.0009686 1.0245
2461165.5300098 99.99999 9.99999 0.90889 0.08961 99.99999 9.99999 0.0009686 1.0243
2461165.5301453 0.99325 0.06814 0.62474 0.07219 -0.36851 0.04306 0.0009686 1.0242
2461165.5303901 1.20107 0.07594 0.78454 0.08043 -0.41653 0.04324 0.0009686 1.0240
2461165.5305226 1.07308 0.08456 0.84011 0.08712 -0.23297 0.04586 0.0009686 1.0239
2461165.5306560 99.99999 9.99999 99.99999 9.99999 99.99999 9.99999 0.0009686 1.0238
2461165.5307899 1.01280 0.08026 0.88401 0.08195 -0.12879 0.04522 0.0009687 1.0236
2461165.5309236 1.14982 0.07744 0.86319 0.08022 -0.28664 0.04104 0.0009687 1.0235
2461165.5311614 1.25914 0.08866 1.00744 0.09021 -0.25170 0.04081 0.0009687 1.0233
2461165.5312939 1.24040 0.08383 99.99999 9.99999 99.99999 9.99999 0.0009687 1.0232
2461165.5314271 99.99999 9.99999 99.99999 9.99999 -0.28907 0.04039 0.0009687 1.0231
2461165.5315608 1.25591 0.07629 0.78001 0.08116 -0.47591 0.04308 0.0009687 1.0230
2461165.5316945 1.21598 0.08148 0.89216 0.08479 -0.32381 0.04199 0.0009687 1.0228
2461165.5319384 1.38700 0.09048 0.84237 0.09617 -0.54462 0.04862 0.0009687 1.0226
2461165.5320713 1.23355 0.08692 0.93371 0.09030 -0.29984 0.04444 0.0009687 1.0225
2461165.5322044 99.99999 9.99999 0.94301 0.08807 99.99999 9.99999 0.0009687 1.0224
2461165.5323371 99.99999 9.99999 99.99999 9.99999 99.99999 9.99999 0.0009687 1.0223
2461165.5324714 1.18840 0.09535 0.88864 0.09863 -0.29976 0.04856 0.0009687 1.0222
2461165.5327157 1.49594 0.09166 99.99999 9.99999 99.99999 9.99999 0.0009687 1.0219
2461165.5328479 1.13810 0.08165 0.78173 0.08539 -0.35637 0.04631 0.0009687 1.0218
