JDHEL V-C s1 HELCOR AIRMASS
Aperture: 4, Filter: IRCUT, JD: heliocentric
2461219.3374152 99.99999 9.99999 -0.0003589 1.0252
2461219.3374915 -2.12177 0.10038 -0.0003589 1.0252
2461219.3375681 -2.16614 0.10619 -0.0003589 1.0253
2461219.3376447 -2.38279 0.10932 -0.0003589 1.0253
2461219.3377227 -2.39049 0.11815 -0.0003589 1.0253
2461219.3378653 -2.32970 0.10835 -0.0003589 1.0254
2461219.3379444 -2.17188 0.09315 -0.0003589 1.0254
2461219.3380994 -2.21507 0.09837 -0.0003589 1.0254
2461219.3383479 -2.06528 0.08877 -0.0003589 1.0255
2461219.3384266 -2.19333 0.09788 -0.0003589 1.0255
2461219.3385037 -2.24164 0.10490 -0.0003589 1.0256
2461219.3385814 -2.20110 0.09939 -0.0003589 1.0256
2461219.3386586 99.99999 9.99999 -0.0003589 1.0256
2461219.3388300 -2.21463 0.08952 -0.0003590 1.0257
2461219.3389078 -2.32112 0.08634 -0.0003590 1.0257
2461219.3389844 -2.21508 0.09168 -0.0003590 1.0257
2461219.3391404 -2.29716 0.09049 -0.0003590 1.0258
2461219.3393157 -2.38594 0.09142 -0.0003590 1.0258
2461219.3393931 -2.54239 0.11761 -0.0003590 1.0259
2461219.3394701 99.99999 9.99999 -0.0003590 1.0259
2461219.3395474 -2.40066 0.09945 -0.0003590 1.0259
2461219.3396245 -2.46375 0.10277 -0.0003590 1.0260
2461219.3397924 -2.41397 0.09586 -0.0003590 1.0260
2461219.3398701 99.99999 9.99999 -0.0003590 1.0260
2461219.3399469 -2.29038 0.08786 -0.0003590 1.0261
2461219.3400237 99.99999 9.99999 -0.0003590 1.0261
2461219.3401017 99.99999 9.99999 -0.0003590 1.0261
2461219.3402621 -2.42175 0.08633 -0.0003590 1.0262
2461219.3403402 99.99999 9.99999 -0.0003590 1.0262
2461219.3404187 -2.43033 0.08553 -0.0003590 1.0262
2461219.3404958 99.99999 9.99999 -0.0003590 1.0263
2461219.3405738 -2.31222 0.08533 -0.0003590 1.0263
2461219.3408113 99.99999 9.99999 -0.0003590 1.0264
2461219.3408891 -2.32582 0.08215 -0.0003590 1.0264
2461219.3409674 -2.23524 0.07726 -0.0003590 1.0264
2461219.3410452 -2.34783 0.08107 -0.0003590 1.0265
2461219.3412141 -2.31265 0.08779 -0.0003590 1.0265
2461219.3412917 99.99999 9.99999 -0.0003590 1.0266
2461219.3413685 -2.37747 0.09108 -0.0003590 1.0266
2461219.3414468 -2.57269 0.09192 -0.0003590 1.0266
2461219.3416989 -2.57904 0.09813 -0.0003590 1.0267
2461219.3417770 99.99999 9.99999 -0.0003590 1.0267
2461219.3420092 -2.34861 0.07705 -0.0003591 1.0268
2461219.3421805 -2.21175 0.06903 -0.0003591 1.0269
2461219.3422580 99.99999 9.99999 -0.0003591 1.0269
2461219.3424135 -2.37403 0.07594 -0.0003591 1.0270
2461219.3426627 -2.28258 0.06764 -0.0003591 1.0271
2461219.3427406 -2.44905 0.07496 -0.0003591 1.0271
2461219.3428171 99.99999 9.99999 -0.0003591 1.0271
2461219.3428948 -2.50754 0.07298 -0.0003591 1.0272
2461219.3429720 -2.46518 0.07247 -0.0003591 1.0272
2461219.3431449 -2.34559 0.06174 -0.0003591 1.0273
2461219.3432222 -2.33989 0.06999 -0.0003591 1.0273
2461219.3432995 -2.47796 0.07444 -0.0003591 1.0273
2461219.3433776 -2.42396 0.07475 -0.0003591 1.0274
2461219.3434553 -2.41135 0.07233 -0.0003591 1.0274
2461219.3436279 -2.21244 0.06584 -0.0003591 1.0275
2461219.3437057 99.99999 9.99999 -0.0003591 1.0275
2461219.3437827 -2.35740 0.06791 -0.0003591 1.0275
2461219.3438606 -2.51775 0.07410 -0.0003591 1.0276
2461219.3439376 -2.46026 0.07232 -0.0003591 1.0276
2461219.3441081 99.99999 9.99999 -0.0003591 1.0277
2461219.3441851 -2.51284 0.07157 -0.0003591 1.0277
2461219.3442622 -2.44311 0.06795 -0.0003591 1.0277
2461219.3443392 -2.46136 0.06869 -0.0003591 1.0277
2461219.3444168 -2.40240 0.07711 -0.0003591 1.0278
2461219.3445779 99.99999 9.99999 -0.0003591 1.0278
2461219.3446560 99.99999 9.99999 -0.0003591 1.0279
2461219.3447348 99.99999 9.99999 -0.0003591 1.0279
2461219.3448114 99.99999 9.99999 -0.0003591 1.0279
2461219.3448887 99.99999 9.99999 -0.0003591 1.0280
2461219.3450542 -2.64190 0.07736 -0.0003591 1.0280
2461219.3451321 -2.58931 0.07130 -0.0003591 1.0281
2461219.3452091 99.99999 9.99999 -0.0003591 1.0281
2461219.3452874 -2.57790 0.06711 -0.0003591 1.0281
2461219.3453648 -2.43448 0.06971 -0.0003592 1.0282
2461219.3455329 99.99999 9.99999 -0.0003592 1.0282
2461219.3456113 -2.39640 0.06166 -0.0003592 1.0283
2461219.3456890 99.99999 9.99999 -0.0003592 1.0283
2461219.3458440 99.99999 9.99999 -0.0003592 1.0284
2461219.3460068 -2.55264 0.06907 -0.0003592 1.0284
2461219.3460831 -2.53073 0.06765 -0.0003592 1.0285
2461219.3461605 -2.58242 0.06407 -0.0003592 1.0285
2461219.3462380 99.99999 9.99999 -0.0003592 1.0285
2461219.3464809 99.99999 9.99999 -0.0003592 1.0287
2461219.3465596 99.99999 9.99999 -0.0003592 1.0287
2461219.3466360 99.99999 9.99999 -0.0003592 1.0287
2461219.3467145 -2.56046 0.06386 -0.0003592 1.0288
2461219.3467914 -2.39598 0.05056 -0.0003592 1.0288
2461219.3470313 -2.49054 0.06134 -0.0003592 1.0289
2461219.3471078 99.99999 9.99999 -0.0003592 1.0289
2461219.3471853 -2.68906 0.06936 -0.0003592 1.0290
2461219.3472626 -2.53904 0.05973 -0.0003592 1.0290
2461219.3474367 99.99999 9.99999 -0.0003592 1.0291
2461219.3475154 -2.63014 0.05466 -0.0003592 1.0291
2461219.3475922 -2.49420 0.05212 -0.0003592 1.0291
2461219.3476703 99.99999 9.99999 -0.0003592 1.0292
2461219.3477470 99.99999 9.99999 -0.0003592 1.0292
2461219.3479183 -2.73441 0.05957 -0.0003592 1.0293
2461219.3479965 -2.32192 0.05029 -0.0003592 1.0293
2461219.3481520 -2.69844 0.05827 -0.0003592 1.0294
2461219.3484035 -2.35866 0.04011 -0.0003592 1.0295
2461219.3484809 -2.43656 0.04251 -0.0003592 1.0296
2461219.3485574 -2.58649 0.04692 -0.0003592 1.0296
2461219.3486352 -2.42999 0.04727 -0.0003593 1.0296
2461219.3487125 -2.69015 0.05797 -0.0003593 1.0297
2461219.3488718 -2.64791 0.04831 -0.0003593 1.0297
2461219.3489500 -2.45764 0.04579 -0.0003593 1.0298
2461219.3490284 -2.56868 0.05105 -0.0003593 1.0298
2461219.3491051 -2.61046 0.05283 -0.0003593 1.0298
2461219.3491832 -2.53443 0.04506 -0.0003593 1.0299
2461219.3493426 -2.58647 0.04372 -0.0003593 1.0300
2461219.3494192 99.99999 9.99999 -0.0003593 1.0300
2461219.3494959 -2.15197 0.03756 -0.0003593 1.0300
2461219.3495733 99.99999 9.99999 -0.0003593 1.0301
2461219.3496514 99.99999 9.99999 -0.0003593 1.0301
2461219.3498225 -2.39326 0.04071 -0.0003593 1.0302
2461219.3499001 -2.63424 0.04890 -0.0003593 1.0302
2461219.3499766 -2.55373 0.04657 -0.0003593 1.0303
2461219.3500548 -2.43732 0.04263 -0.0003593 1.0303
2461219.3501321 99.99999 9.99999 -0.0003593 1.0303
2461219.3503074 99.99999 9.99999 -0.0003593 1.0304
2461219.3503854 99.99999 9.99999 -0.0003593 1.0305
2461219.3504622 -2.67904 0.04733 -0.0003593 1.0305
2461219.3505409 -2.70356 0.05274 -0.0003593 1.0305
2461219.3506177 99.99999 9.99999 -0.0003593 1.0306
2461219.3507884 -2.65097 0.04295 -0.0003593 1.0307
2461219.3509435 -2.78419 0.04844 -0.0003593 1.0307
2461219.3510213 -2.60973 0.04708 -0.0003593 1.0308
2461219.3510996 -2.61923 0.04400 -0.0003593 1.0308
2461219.3512635 99.99999 9.99999 -0.0003593 1.0309
2461219.3513408 -2.42863 0.03713 -0.0003593 1.0309
2461219.3514185 -2.76656 0.05066 -0.0003593 1.0310
2461219.3515729 -2.53775 0.03922 -0.0003593 1.0310
2461219.3517384 -2.63631 0.04409 -0.0003593 1.0311
2461219.3518165 99.99999 9.99999 -0.0003593 1.0312
2461219.3520491 -2.57853 0.03943 -0.0003594 1.0313
2461219.3522211 -2.70976 0.04333 -0.0003594 1.0314
2461219.3522999 99.99999 9.99999 -0.0003594 1.0314
2461219.3523780 -2.67083 0.04202 -0.0003594 1.0315
2461219.3524553 99.99999 9.99999 -0.0003594 1.0315
2461219.3525334 -2.66645 0.04084 -0.0003594 1.0315
2461219.3526993 -2.50594 0.03851 -0.0003594 1.0316
2461219.3527766 -2.63578 0.04085 -0.0003594 1.0317
2461219.3528536 -2.67259 0.04004 -0.0003594 1.0317
2461219.3529326 -2.55489 0.03818 -0.0003594 1.0317
2461219.3530094 -2.68270 0.03669 -0.0003594 1.0318
2461219.3531818 99.99999 9.99999 -0.0003594 1.0319
2461219.3532601 -2.48400 0.03141 -0.0003594 1.0319
2461219.3533374 99.99999 9.99999 -0.0003594 1.0320
2461219.3534154 -2.58724 0.03607 -0.0003594 1.0320
2461219.3534924 99.99999 9.99999 -0.0003594 1.0320
2461219.3536553 -2.59508 0.03496 -0.0003594 1.0321
2461219.3537327 -2.50309 0.03323 -0.0003594 1.0322
2461219.3538103 -2.40173 0.03113 -0.0003594 1.0322
2461219.3539653 -2.50720 0.03621 -0.0003594 1.0323
2461219.3541285 99.99999 9.99999 -0.0003594 1.0324
2461219.3542060 99.99999 9.99999 -0.0003594 1.0324
2461219.3543608 99.99999 9.99999 -0.0003594 1.0325
2461219.3544389 99.99999 9.99999 -0.0003594 1.0325
2461219.3546042 -2.45944 0.03017 -0.0003594 1.0326
2461219.3546803 99.99999 9.99999 -0.0003594 1.0327
2461219.3547576 -2.43104 0.02966 -0.0003594 1.0327
2461219.3548359 -2.87155 0.03916 -0.0003594 1.0328
2461219.3549130 -2.59660 0.03355 -0.0003594 1.0328
2461219.3550788 -2.62711 0.03505 -0.0003594 1.0329
2461219.3551567 -2.28883 0.02799 -0.0003594 1.0329
2461219.3552336 99.99999 9.99999 -0.0003595 1.0330
2461219.3553118 99.99999 9.99999 -0.0003595 1.0330
2461219.3553888 -2.65585 0.03722 -0.0003595 1.0331
2461219.3555647 -2.70490 0.03831 -0.0003595 1.0332
2461219.3558746 99.99999 9.99999 -0.0003595 1.0333
2461219.3560450 -2.29383 0.02393 -0.0003595 1.0334
2461219.3561227 99.99999 9.99999 -0.0003595 1.0335
2461219.3563551 99.99999 9.99999 -0.0003595 1.0336
2461219.3565151 -2.43698 0.02738 -0.0003595 1.0337
2461219.3565936 99.99999 9.99999 -0.0003595 1.0337
2461219.3567487 99.99999 9.99999 -0.0003595 1.0338
2461219.3568265 -2.65748 0.02963 -0.0003595 1.0339
2461219.3569862 -2.56037 0.02556 -0.0003595 1.0340
2461219.3570636 -2.68199 0.03103 -0.0003595 1.0340
2461219.3571409 -2.51147 0.03033 -0.0003595 1.0340
2461219.3572192 99.99999 9.99999 -0.0003595 1.0341
2461219.3572961 99.99999 9.99999 -0.0003595 1.0341
2461219.3574631 99.99999 9.99999 -0.0003595 1.0342
2461219.3575402 99.99999 9.99999 -0.0003595 1.0343
2461219.3576171 -2.45076 0.02986 -0.0003595 1.0343
2461219.3576943 99.99999 9.99999 -0.0003595 1.0344
2461219.3577738 -2.83651 0.03343 -0.0003595 1.0344
2461219.3579456 -2.53005 0.02796 -0.0003595 1.0345
2461219.3580236 -2.71821 0.03032 -0.0003595 1.0346
2461219.3581006 99.99999 9.99999 -0.0003595 1.0346
2461219.3581792 -2.54752 0.02813 -0.0003595 1.0346
2461219.3582573 -2.69832 0.03159 -0.0003595 1.0347
2461219.3584271 -2.70615 0.02883 -0.0003595 1.0348
2461219.3585816 -2.46853 0.02316 -0.0003596 1.0349
2461219.3586587 -2.66572 0.02779 -0.0003596 1.0349
2461219.3587373 99.99999 9.99999 -0.0003596 1.0350
2461219.3589015 99.99999 9.99999 -0.0003596 1.0351
2461219.3589789 99.99999 9.99999 -0.0003596 1.0351
2461219.3590566 99.99999 9.99999 -0.0003596 1.0352
2461219.3592118 99.99999 9.99999 -0.0003596 1.0353
2461219.3594561 99.99999 9.99999 -0.0003596 1.0354
2461219.3595346 99.99999 9.99999 -0.0003596 1.0355
2461219.3596117 -2.71562 0.02826 -0.0003596 1.0355
2461219.3596889 99.99999 9.99999 -0.0003596 1.0356
2461219.3598600 -2.68266 0.02637 -0.0003596 1.0357
2461219.3600147 -2.72731 0.02778 -0.0003596 1.0357
2461219.3600922 -2.55564 0.02534 -0.0003596 1.0358
2461219.3601707 -2.67967 0.03047 -0.0003596 1.0358
2461219.3603322 -2.49025 0.02284 -0.0003596 1.0359
2461219.3604855 99.99999 9.99999 -0.0003596 1.0360
2461219.3605648 -2.72387 0.02805 -0.0003596 1.0361
2461219.3608849 -2.70997 0.02498 -0.0003596 1.0363
2461219.3609625 -2.79490 0.02887 -0.0003596 1.0363
2461219.3612787 -2.62447 0.02578 -0.0003596 1.0365
2461219.3613568 -2.53757 0.02440 -0.0003596 1.0366
2461219.3614347 99.99999 9.99999 -0.0003596 1.0366
2461219.3615911 -2.68685 0.02901 -0.0003596 1.0367
2461219.3617659 -2.78195 0.02971 -0.0003597 1.0368
2461219.3618433 -2.43538 0.02398 -0.0003597 1.0369
2461219.3619200 -2.54661 0.02568 -0.0003597 1.0369
2461219.3619976 -2.43641 0.02431 -0.0003597 1.0370
2461219.3620753 -2.52079 0.02253 -0.0003597 1.0370
2461219.3622383 -2.70579 0.02453 -0.0003597 1.0371
2461219.3623151 99.99999 9.99999 -0.0003597 1.0372
2461219.3623923 99.99999 9.99999 -0.0003597 1.0372
2461219.3624697 -2.62446 0.02449 -0.0003597 1.0373
2461219.3627134 99.99999 9.99999 -0.0003597 1.0374
2461219.3627916 99.99999 9.99999 -0.0003597 1.0375
2461219.3628698 99.99999 9.99999 -0.0003597 1.0375
2461219.3629471 -2.70249 0.02455 -0.0003597 1.0376
2461219.3630246 -2.72516 0.02386 -0.0003597 1.0377
2461219.3631961 -2.66718 0.02429 -0.0003597 1.0378
2461219.3632734 -2.40488 0.02233 -0.0003597 1.0378
2461219.3633506 -2.52546 0.02192 -0.0003597 1.0379
2461219.3634276 -2.57164 0.02357 -0.0003597 1.0379
2461219.3635059 -2.75209 0.02239 -0.0003597 1.0380
2461219.3636644 -2.54747 0.01948 -0.0003597 1.0381
2461219.3637408 -2.49729 0.02364 -0.0003597 1.0381
2461219.3638176 -2.71394 0.02227 -0.0003597 1.0382
2461219.3638960 -2.70598 0.02492 -0.0003597 1.0382
2461219.3641412 -2.55965 0.02230 -0.0003597 1.0384
2461219.3642184 -2.54351 0.02310 -0.0003597 1.0384
2461219.3642960 -2.49616 0.01880 -0.0003597 1.0385
2461219.3644528 -2.47856 0.02182 -0.0003597 1.0386
2461219.3646148 99.99999 9.99999 -0.0003597 1.0387
2461219.3646930 -2.72750 0.02537 -0.0003597 1.0388
2461219.3647700 99.99999 9.99999 -0.0003597 1.0388
2461219.3648483 -2.71689 0.02580 -0.0003597 1.0389
2461219.3649256 -2.64727 0.02309 -0.0003597 1.0389
2461219.3651729 99.99999 9.99999 -0.0003598 1.0391
2461219.3652505 99.99999 9.99999 -0.0003598 1.0391
2461219.3653276 99.99999 9.99999 -0.0003598 1.0392
2461219.3654064 99.99999 9.99999 -0.0003598 1.0392
2461219.3655677 -2.62273 0.02270 -0.0003598 1.0393
2461219.3656468 -2.61971 0.02259 -0.0003598 1.0394
2461219.3657248 99.99999 9.99999 -0.0003598 1.0395
2461219.3658795 -2.43123 0.01993 -0.0003598 1.0396
2461219.3660413 -2.79407 0.02509 -0.0003598 1.0397
2461219.3661178 -2.62038 0.02196 -0.0003598 1.0397
2461219.3661950 99.99999 9.99999 -0.0003598 1.0398
2461219.3663502 -2.66345 0.02257 -0.0003598 1.0399
2461219.3665092 99.99999 9.99999 -0.0003598 1.0400
2461219.3666634 99.99999 9.99999 -0.0003598 1.0401
2461219.3667410 -2.68677 0.02421 -0.0003598 1.0402
2461219.3668183 -2.59115 0.02207 -0.0003598 1.0402
2461219.3669868 -2.80755 0.02755 -0.0003598 1.0403
2461219.3672975 -2.69544 0.02249 -0.0003598 1.0406
2461219.3674611 99.99999 9.99999 -0.0003598 1.0407
2461219.3675381 -2.58052 0.02134 -0.0003598 1.0407
2461219.3676929 -2.59502 0.02220 -0.0003598 1.0408
2461219.3677701 99.99999 9.99999 -0.0003598 1.0409
2461219.3679337 99.99999 9.99999 -0.0003598 1.0410
2461219.3680103 -2.76696 0.02386 -0.0003598 1.0411
2461219.3680884 -2.51321 0.02132 -0.0003598 1.0411
2461219.3681655 99.99999 9.99999 -0.0003598 1.0412
2461219.3682448 -2.47545 0.01994 -0.0003598 1.0412
2461219.3684074 99.99999 9.99999 -0.0003599 1.0413
2461219.3684846 99.99999 9.99999 -0.0003599 1.0414
2461219.3685622 -2.50674 0.02104 -0.0003599 1.0415
2461219.3686392 -2.64172 0.02574 -0.0003599 1.0415
2461219.3687177 -2.66416 0.02312 -0.0003599 1.0416
2461219.3688818 99.99999 9.99999 -0.0003599 1.0417
2461219.3690374 -2.72943 0.02105 -0.0003599 1.0418
2461219.3691144 99.99999 9.99999 -0.0003599 1.0419
2461219.3693657 -2.43033 0.01799 -0.0003599 1.0420
2461219.3694426 99.99999 9.99999 -0.0003599 1.0421
2461219.3695199 99.99999 9.99999 -0.0003599 1.0422
2461219.3696752 -2.50978 0.02011 -0.0003599 1.0423
2461219.3698397 99.99999 9.99999 -0.0003599 1.0424
2461219.3701529 99.99999 9.99999 -0.0003599 1.0426
2461219.3703155 -2.69877 0.02268 -0.0003599 1.0427
2461219.3703917 99.99999 9.99999 -0.0003599 1.0428
2461219.3704704 99.99999 9.99999 -0.0003599 1.0429
2461219.3705474 99.99999 9.99999 -0.0003599 1.0429
2461219.3706252 -2.73102 0.02364 -0.0003599 1.0430
2461219.3707879 -2.61642 0.01896 -0.0003599 1.0431
2461219.3709431 99.99999 9.99999 -0.0003599 1.0432
2461219.3710208 -2.56816 0.02118 -0.0003599 1.0433
2461219.3712627 99.99999 9.99999 -0.0003599 1.0435
2461219.3714166 99.99999 9.99999 -0.0003599 1.0436
2461219.3714953 99.99999 9.99999 -0.0003599 1.0436
2461219.3715727 -2.64425 0.02157 -0.0003599 1.0437
2461219.3717460 -2.74920 0.02308 -0.0003600 1.0438
2461219.3718240 -2.74125 0.02360 -0.0003600 1.0439
2461219.3719007 99.99999 9.99999 -0.0003600 1.0439
2461219.3719780 -2.91018 0.02892 -0.0003600 1.0440
2461219.3720559 99.99999 9.99999 -0.0003600 1.0441
2461219.3722180 99.99999 9.99999 -0.0003600 1.0442
2461219.3722964 -2.56414 0.02005 -0.0003600 1.0443
2461219.3723741 -2.55990 0.01995 -0.0003600 1.0443
2461219.3724511 -2.74012 0.02290 -0.0003600 1.0444
2461219.3725288 -2.43527 0.01768 -0.0003600 1.0444
2461219.3726904 99.99999 9.99999 -0.0003600 1.0446
2461219.3727672 99.99999 9.99999 -0.0003600 1.0446
2461219.3728446 -2.73339 0.02291 -0.0003600 1.0447
2461219.3729224 99.99999 9.99999 -0.0003600 1.0447
2461219.3733196 99.99999 9.99999 -0.0003600 1.0451
2461219.3733969 99.99999 9.99999 -0.0003600 1.0451
2461219.3736347 -2.49356 0.01950 -0.0003600 1.0453
2461219.3737139 99.99999 9.99999 -0.0003600 1.0454
2461219.3737916 99.99999 9.99999 -0.0003600 1.0454
2461219.3738695 99.99999 9.99999 -0.0003600 1.0455
2461219.3739472 99.99999 9.99999 -0.0003600 1.0455
2461219.3741831 -2.62901 0.02061 -0.0003600 1.0457
2461219.3742599 99.99999 9.99999 -0.0003600 1.0458
2461219.3743388 99.99999 9.99999 -0.0003600 1.0459
2461219.3744160 99.99999 9.99999 -0.0003600 1.0459
2461219.3746618 -2.72251 0.02212 -0.0003600 1.0461
2461219.3747389 -2.76109 0.02356 -0.0003600 1.0462
2461219.3748954 99.99999 9.99999 -0.0003600 1.0463
2461219.3750581 99.99999 9.99999 -0.0003601 1.0464
2461219.3751356 99.99999 9.99999 -0.0003601 1.0465
2461219.3753677 99.99999 9.99999 -0.0003601 1.0467
2461219.3756832 -2.72327 0.02352 -0.0003601 1.0469
2461219.3760037 -2.67313 0.01930 -0.0003601 1.0472
2461219.3760811 99.99999 9.99999 -0.0003601 1.0473
2461219.3762352 -2.62817 0.02286 -0.0003601 1.0474
2461219.3763150 99.99999 9.99999 -0.0003601 1.0475
2461219.3764739 99.99999 9.99999 -0.0003601 1.0476
2461219.3767852 -2.60182 0.02109 -0.0003601 1.0479
2461219.3770236 -2.48211 0.02013 -0.0003601 1.0481
2461219.3770996 99.99999 9.99999 -0.0003601 1.0481
2461219.3771765 99.99999 9.99999 -0.0003601 1.0482
2461219.3774011 99.99999 9.99999 -0.0003601 1.0484
2461219.3774795 -2.72401 0.02190 -0.0003601 1.0484
2461219.3775561 -2.67264 0.02164 -0.0003601 1.0485
2461219.3776341 -2.73067 0.02291 -0.0003601 1.0486
2461219.3777111 99.99999 9.99999 -0.0003601 1.0486
2461219.3778719 -2.63653 0.01948 -0.0003601 1.0488
2461219.3779490 99.99999 9.99999 -0.0003601 1.0488
2461219.3781046 99.99999 9.99999 -0.0003601 1.0490
2461219.3784745 99.99999 9.99999 -0.0003602 1.0493
2461219.3785519 -2.60820 0.02023 -0.0003602 1.0494
2461219.3786298 -2.70480 0.02223 -0.0003602 1.0494
2461219.3787933 -2.71254 0.02084 -0.0003602 1.0496
2461219.3789475 99.99999 9.99999 -0.0003602 1.0497
2461219.3791034 -2.77063 0.02263 -0.0003602 1.0498
2461219.3792607 -2.55515 0.01842 -0.0003602 1.0500
2461219.3793387 99.99999 9.99999 -0.0003602 1.0500
2461219.3794165 99.99999 9.99999 -0.0003602 1.0501
2461219.3794934 -2.56921 0.01882 -0.0003602 1.0502
2461219.3795715 -2.48952 0.01959 -0.0003602 1.0502
2461219.3797337 99.99999 9.99999 -0.0003602 1.0504
2461219.3798880 99.99999 9.99999 -0.0003602 1.0505
2461219.3799663 99.99999 9.99999 -0.0003602 1.0506
2461219.3802092 -2.50688 0.02105 -0.0003602 1.0508
2461219.3802860 -2.75167 0.02171 -0.0003602 1.0509
2461219.3804409 -2.66965 0.02043 -0.0003602 1.0510
2461219.3806782 -2.62761 0.02016 -0.0003602 1.0512
2461219.3807558 99.99999 9.99999 -0.0003602 1.0513
2461219.3808332 -2.59953 0.02043 -0.0003602 1.0513
2461219.3809103 99.99999 9.99999 -0.0003602 1.0514
2461219.3809874 -2.50885 0.02117 -0.0003602 1.0515
2461219.3811540 -2.61643 0.01996 -0.0003602 1.0516
2461219.3812305 -2.61032 0.02006 -0.0003602 1.0517
2461219.3813079 99.99999 9.99999 -0.0003602 1.0518
2461219.3813871 99.99999 9.99999 -0.0003602 1.0518
2461219.3816308 99.99999 9.99999 -0.0003603 1.0521
2461219.3817077 -2.69003 0.02059 -0.0003603 1.0521
2461219.3817845 -2.45492 0.02012 -0.0003603 1.0522
2461219.3818622 -2.52542 0.01801 -0.0003603 1.0523
2461219.3819409 99.99999 9.99999 -0.0003603 1.0523
2461219.3820970 99.99999 9.99999 -0.0003603 1.0525
2461219.3821737 99.99999 9.99999 -0.0003603 1.0525
2461219.3822516 -2.66833 0.02107 -0.0003603 1.0526
2461219.3823284 99.99999 9.99999 -0.0003603 1.0527
2461219.3825731 -2.72335 0.01994 -0.0003603 1.0529
2461219.3826501 99.99999 9.99999 -0.0003603 1.0530
2461219.3827273 -2.84105 0.02077 -0.0003603 1.0531
2461219.3828051 99.99999 9.99999 -0.0003603 1.0531
2461219.3828821 -2.76876 0.02221 -0.0003603 1.0532
2461219.3830497 99.99999 9.99999 -0.0003603 1.0533
2461219.3831267 99.99999 9.99999 -0.0003603 1.0534
2461219.3832037 99.99999 9.99999 -0.0003603 1.0535
2461219.3832805 -2.64090 0.02211 -0.0003603 1.0536
2461219.3835205 -2.68106 0.02070 -0.0003603 1.0538
2461219.3835988 -2.67924 0.01965 -0.0003603 1.0539
2461219.3836768 -2.67156 0.01970 -0.0003603 1.0539
2461219.3837538 -2.49787 0.01925 -0.0003603 1.0540
2461219.3839942 -2.57556 0.01817 -0.0003603 1.0542
2461219.3840717 99.99999 9.99999 -0.0003603 1.0543
2461219.3842269 99.99999 9.99999 -0.0003603 1.0544
2461219.3843040 99.99999 9.99999 -0.0003603 1.0545
2461219.3846241 99.99999 9.99999 -0.0003603 1.0548
2461219.3847015 -2.55264 0.01776 -0.0003603 1.0549
2461219.3847801 -2.79467 0.01983 -0.0003603 1.0550
2461219.3850181 99.99999 9.99999 -0.0003604 1.0552
2461219.3858913 99.99999 9.99999 -0.0003604 1.0560
2461219.3859707 99.99999 9.99999 -0.0003604 1.0561
2461219.3861255 99.99999 9.99999 -0.0003604 1.0562
2461219.3862024 -2.53870 0.01894 -0.0003604 1.0563
2461219.3864455 -2.64630 0.02399 -0.0003604 1.0565
2461219.3865224 99.99999 9.99999 -0.0003604 1.0566
2461219.3866778 99.99999 9.99999 -0.0003604 1.0568
2461219.3868438 99.99999 9.99999 -0.0003604 1.0569
2461219.3869202 -2.80822 0.02487 -0.0003604 1.0570
2461219.3869977 99.99999 9.99999 -0.0003604 1.0571
2461219.3873185 99.99999 9.99999 -0.0003604 1.0574
2461219.3873961 99.99999 9.99999 -0.0003604 1.0575
2461219.3874731 -2.66759 0.02384 -0.0003604 1.0575
2461219.3876292 99.99999 9.99999 -0.0003604 1.0577
2461219.3877894 -2.52963 0.01828 -0.0003604 1.0579
2461219.3878676 -2.49614 0.01923 -0.0003604 1.0579
2461219.3879454 99.99999 9.99999 -0.0003604 1.0580
2461219.3880228 -2.64628 0.02009 -0.0003604 1.0581
2461219.3881006 99.99999 9.99999 -0.0003605 1.0582
2461219.3883380 99.99999 9.99999 -0.0003605 1.0584
2461219.3884937 99.99999 9.99999 -0.0003605 1.0585
2461219.3887370 -2.56976 0.02045 -0.0003605 1.0588
2461219.3888143 99.99999 9.99999 -0.0003605 1.0589
2461219.3888917 -2.69028 0.02080 -0.0003605 1.0589
2461219.3890482 99.99999 9.99999 -0.0003605 1.0591
2461219.3892217 -2.48871 0.01887 -0.0003605 1.0593
2461219.3893007 99.99999 9.99999 -0.0003605 1.0594
2461219.3893778 -2.76558 0.02011 -0.0003605 1.0594
2461219.3895337 99.99999 9.99999 -0.0003605 1.0596
2461219.3897012 99.99999 9.99999 -0.0003605 1.0598
2461219.3897783 -2.70573 0.02318 -0.0003605 1.0598
2461219.3898560 99.99999 9.99999 -0.0003605 1.0599
2461219.3899332 -2.71058 0.02216 -0.0003605 1.0600
2461219.3904033 99.99999 9.99999 -0.0003605 1.0605
2461219.3904807 99.99999 9.99999 -0.0003605 1.0605
2461219.3906437 99.99999 9.99999 -0.0003605 1.0607
2461219.3907205 99.99999 9.99999 -0.0003605 1.0608
2461219.3907975 99.99999 9.99999 -0.0003605 1.0609
2461219.3908749 99.99999 9.99999 -0.0003605 1.0610
2461219.3909524 -2.54368 0.01982 -0.0003605 1.0610
2461219.3911149 99.99999 9.99999 -0.0003605 1.0612
2461219.3911931 -2.43549 0.01982 -0.0003605 1.0613
2461219.3913485 -2.50657 0.01880 -0.0003605 1.0614
2461219.3914256 99.99999 9.99999 -0.0003606 1.0615
2461219.3915952 99.99999 9.99999 -0.0003606 1.0617
2461219.3917513 -2.60914 0.02322 -0.0003606 1.0619
2461219.3918285 99.99999 9.99999 -0.0003606 1.0619
2461219.3921458 99.99999 9.99999 -0.0003606 1.0623
2461219.3922228 99.99999 9.99999 -0.0003606 1.0623
2461219.3923795 99.99999 9.99999 -0.0003606 1.0625
2461219.3925365 -2.85091 0.02369 -0.0003606 1.0627
2461219.3926133 -2.86048 0.02486 -0.0003606 1.0628
2461219.3927669 99.99999 9.99999 -0.0003606 1.0629
2461219.3928444 99.99999 9.99999 -0.0003606 1.0630
2461219.3930085 99.99999 9.99999 -0.0003606 1.0632
2461219.3930850 -2.69515 0.01995 -0.0003606 1.0633
2461219.3931633 99.99999 9.99999 -0.0003606 1.0633
2461219.3934815 99.99999 9.99999 -0.0003606 1.0637
2461219.3935603 99.99999 9.99999 -0.0003606 1.0638
2461219.3937160 99.99999 9.99999 -0.0003606 1.0639
2461219.3937927 99.99999 9.99999 -0.0003606 1.0640
2461219.3939652 99.99999 9.99999 -0.0003606 1.0642
2461219.3940438 -2.53616 0.01914 -0.0003606 1.0643
2461219.3941208 -2.52317 0.01962 -0.0003606 1.0644
2461219.3944077 99.99999 9.99999 -0.0003606 1.0647
2461219.3944856 -2.59598 0.02085 -0.0003606 1.0647
2461219.3946415 99.99999 9.99999 -0.0003606 1.0649
2461219.3948788 99.99999 9.99999 -0.0003607 1.0652
2461219.3949556 99.99999 9.99999 -0.0003607 1.0653
2461219.3950330 99.99999 9.99999 -0.0003607 1.0653
2461219.3951101 99.99999 9.99999 -0.0003607 1.0654
2461219.3951881 99.99999 9.99999 -0.0003607 1.0655
2461219.3953488 99.99999 9.99999 -0.0003607 1.0657
2461219.3954258 99.99999 9.99999 -0.0003607 1.0658
2461219.3955799 -2.45131 0.01898 -0.0003607 1.0659
2461219.3956571 99.99999 9.99999 -0.0003607 1.0660
2461219.3959002 99.99999 9.99999 -0.0003607 1.0663
2461219.3961338 99.99999 9.99999 -0.0003607 1.0665
2461219.3962999 -2.48027 0.01859 -0.0003607 1.0667
2461219.3963774 99.99999 9.99999 -0.0003607 1.0668
2461219.3964540 -2.43562 0.01763 -0.0003607 1.0669
2461219.3965314 99.99999 9.99999 -0.0003607 1.0670
2461219.3966092 99.99999 9.99999 -0.0003607 1.0671
2461219.3968497 99.99999 9.99999 -0.0003607 1.0673
2461219.3972587 99.99999 9.99999 -0.0003607 1.0678
2461219.3974129 99.99999 9.99999 -0.0003607 1.0680
2461219.3975691 -2.52675 0.01849 -0.0003607 1.0681
2461219.3977289 -2.50650 0.01851 -0.0003607 1.0683
2461219.3980401 99.99999 9.99999 -0.0003608 1.0687
2461219.3982796 99.99999 9.99999 -0.0003608 1.0689
2461219.3983566 -2.59664 0.02171 -0.0003608 1.0690
2461219.3985119 -2.62482 0.01974 -0.0003608 1.0692
2461219.3988298 99.99999 9.99999 -0.0003608 1.0696
2461219.3989069 -2.54081 0.01910 -0.0003608 1.0696
2461219.3992219 -2.73948 0.02095 -0.0003608 1.0700
2461219.3994545 99.99999 9.99999 -0.0003608 1.0703
2461219.3996963 -2.63849 0.02011 -0.0003608 1.0705
2461219.3999287 -2.40469 0.01678 -0.0003608 1.0708
2461219.4000965 99.99999 9.99999 -0.0003608 1.0710
2461219.4001742 99.99999 9.99999 -0.0003608 1.0711
2461219.4002513 -2.46632 0.01928 -0.0003608 1.0712
2461219.4003287 99.99999 9.99999 -0.0003608 1.0713
2461219.4004078 99.99999 9.99999 -0.0003608 1.0714
2461219.4006429 99.99999 9.99999 -0.0003608 1.0716
2461219.4007211 -2.47117 0.02086 -0.0003608 1.0717
2461219.4007975 99.99999 9.99999 -0.0003608 1.0718
2461219.4008763 99.99999 9.99999 -0.0003608 1.0719
2461219.4010389 99.99999 9.99999 -0.0003608 1.0721
2461219.4011161 99.99999 9.99999 -0.0003608 1.0722
2461219.4011933 99.99999 9.99999 -0.0003608 1.0723
2461219.4012716 99.99999 9.99999 -0.0003609 1.0724
2461219.4013488 99.99999 9.99999 -0.0003609 1.0725
2461219.4017476 99.99999 9.99999 -0.0003609 1.0729
2461219.4018262 -2.57410 0.01937 -0.0003609 1.0730
2461219.4020519 99.99999 9.99999 -0.0003609 1.0733
2461219.4021288 -2.49251 0.02021 -0.0003609 1.0734
2461219.4022067 99.99999 9.99999 -0.0003609 1.0735
2461219.4022839 -2.53853 0.02130 -0.0003609 1.0736
2461219.4024531 99.99999 9.99999 -0.0003609 1.0738
2461219.4025307 -2.62369 0.02113 -0.0003609 1.0739
2461219.4026860 99.99999 9.99999 -0.0003609 1.0740
2461219.4030811 99.99999 9.99999 -0.0003609 1.0745
2461219.4031581 99.99999 9.99999 -0.0003609 1.0746
2461219.4033997 99.99999 9.99999 -0.0003609 1.0749
2461219.4034771 -2.56935 0.02052 -0.0003609 1.0750
2461219.4036321 99.99999 9.99999 -0.0003609 1.0752
2461219.4038700 99.99999 9.99999 -0.0003609 1.0755
2461219.4039471 99.99999 9.99999 -0.0003609 1.0756
2461219.4040240 99.99999 9.99999 -0.0003609 1.0757
2461219.4041814 -2.57453 0.02286 -0.0003609 1.0758
2461219.4044249 99.99999 9.99999 -0.0003609 1.0761
2461219.4045800 99.99999 9.99999 -0.0003610 1.0763
2461219.4048260 -2.69737 0.02171 -0.0003610 1.0766
2461219.4049031 -2.67003 0.02493 -0.0003610 1.0767
2461219.4050590 99.99999 9.99999 -0.0003610 1.0769
2461219.4051372 -2.51808 0.01874 -0.0003610 1.0770
2461219.4052962 -2.65479 0.02167 -0.0003610 1.0772
2461219.4053732 -2.52925 0.02174 -0.0003610 1.0773
2461219.4054510 -2.69643 0.02239 -0.0003610 1.0774
2461219.4055280 99.99999 9.99999 -0.0003610 1.0775
2461219.4060052 99.99999 9.99999 -0.0003610 1.0781
2461219.4060832 99.99999 9.99999 -0.0003610 1.0782
2461219.4062410 -2.61417 0.02271 -0.0003610 1.0784
2461219.4064733 -2.63941 0.02622 -0.0003610 1.0787
2461219.4067170 -2.47895 0.01949 -0.0003610 1.0790
2461219.4068715 -2.49338 0.01976 -0.0003610 1.0792
2461219.4072650 99.99999 9.99999 -0.0003610 1.0797
2461219.4074208 -2.43789 0.02060 -0.0003610 1.0799
2461219.4074991 99.99999 9.99999 -0.0003610 1.0800
2461219.4079825 -2.69579 0.02281 -0.0003611 1.0806
2461219.4081426 -2.56579 0.02269 -0.0003611 1.0808
2461219.4082213 99.99999 9.99999 -0.0003611 1.0809
2461219.4082990 99.99999 9.99999 -0.0003611 1.0810
2461219.4083762 99.99999 9.99999 -0.0003611 1.0811
2461219.4086157 99.99999 9.99999 -0.0003611 1.0814
2461219.4089254 99.99999 9.99999 -0.0003611 1.0818
2461219.4090923 99.99999 9.99999 -0.0003611 1.0820
2461219.4091695 99.99999 9.99999 -0.0003611 1.0821
2461219.4096198 -2.58088 0.02009 -0.0003611 1.0827
2461219.4098529 99.99999 9.99999 -0.0003611 1.0830
2461219.4100154 99.99999 9.99999 -0.0003611 1.0832
2461219.4101703 99.99999 9.99999 -0.0003611 1.0834
2461219.4102477 -2.57812 0.02170 -0.0003611 1.0835
2461219.4103256 99.99999 9.99999 -0.0003611 1.0836
2461219.4104890 99.99999 9.99999 -0.0003611 1.0838
2461219.4105671 99.99999 9.99999 -0.0003611 1.0839
2461219.4106448 99.99999 9.99999 -0.0003611 1.0840
2461219.4107226 99.99999 9.99999 -0.0003611 1.0841
2461219.4107996 99.99999 9.99999 -0.0003611 1.0842
2461219.4109667 -2.40628 0.01755 -0.0003611 1.0844
2461219.4111985 99.99999 9.99999 -0.0003612 1.0847
2461219.4114384 99.99999 9.99999 -0.0003612 1.0850
2461219.4115161 99.99999 9.99999 -0.0003612 1.0851
2461219.4115947 99.99999 9.99999 -0.0003612 1.0852
2461219.4116724 -2.47722 0.02221 -0.0003612 1.0853
2461219.4117498 -2.38863 0.02067 -0.0003612 1.0854
2461219.4119846 99.99999 9.99999 -0.0003612 1.0858
2461219.4120613 -2.46762 0.02087 -0.0003612 1.0859
2461219.4123811 99.99999 9.99999 -0.0003612 1.0863
2461219.4126131 -2.48812 0.01867 -0.0003612 1.0866
2461219.4126919 -2.55752 0.02348 -0.0003612 1.0867
2461219.4128552 -2.45212 0.02050 -0.0003612 1.0869
2461219.4130876 -2.23101 0.02120 -0.0003612 1.0872
2461219.4131649 -2.48947 0.01986 -0.0003612 1.0873
2461219.4133330 99.99999 9.99999 -0.0003612 1.0876
2461219.4134118 99.99999 9.99999 -0.0003612 1.0877
2461219.4134896 -2.51662 0.01937 -0.0003612 1.0878
2461219.4136456 99.99999 9.99999 -0.0003612 1.0880
2461219.4138038 99.99999 9.99999 -0.0003612 1.0882
2461219.4139581 -2.28720 0.02522 -0.0003612 1.0884
2461219.4140357 -2.53085 0.02221 -0.0003612 1.0885
2461219.4145141 99.99999 9.99999 -0.0003613 1.0892
2461219.4145924 99.99999 9.99999 -0.0003613 1.0893
2461219.4149848 -2.68552 0.02333 -0.0003613 1.0898
2461219.4150640 -2.51590 0.02185 -0.0003613 1.0899
2461219.4155328 99.99999 9.99999 -0.0003613 1.0906
2461219.4157045 99.99999 9.99999 -0.0003613 1.0908
2461219.4164181 99.99999 9.99999 -0.0003613 1.0918
2461219.4164969 99.99999 9.99999 -0.0003613 1.0919
2461219.4167345 -2.57845 0.02086 -0.0003613 1.0922
2461219.4168898 -2.60155 0.02240 -0.0003613 1.0924
2461219.4171280 99.99999 9.99999 -0.0003613 1.0928
2461219.4172823 -2.54723 0.01962 -0.0003613 1.0930
2461219.4173594 99.99999 9.99999 -0.0003613 1.0931
2461219.4176789 99.99999 9.99999 -0.0003613 1.0936
2461219.4177557 99.99999 9.99999 -0.0003614 1.0937
2461219.4178340 99.99999 9.99999 -0.0003614 1.0938
2461219.4182359 -2.71207 0.02270 -0.0003614 1.0943
2461219.4183134 99.99999 9.99999 -0.0003614 1.0944
2461219.4187860 99.99999 9.99999 -0.0003614 1.0951
2461219.4188640 -2.69801 0.02284 -0.0003614 1.0952
2461219.4190257 -2.36519 0.01975 -0.0003614 1.0955
2461219.4198136 -2.59289 0.02340 -0.0003614 1.0966
2461219.4205322 99.99999 9.99999 -0.0003614 1.0976
2461219.4206091 99.99999 9.99999 -0.0003614 1.0978
2461219.4213954 99.99999 9.99999 -0.0003615 1.0989
2461219.4218645 99.99999 9.99999 -0.0003615 1.0996
2461219.4219426 99.99999 9.99999 -0.0003615 1.0997
2461219.4221755 99.99999 9.99999 -0.0003615 1.1000
2461219.4225680 99.99999 9.99999 -0.0003615 1.1006
2461219.4226462 99.99999 9.99999 -0.0003615 1.1007
2461219.4228039 99.99999 9.99999 -0.0003615 1.1010
2461219.4229574 99.99999 9.99999 -0.0003615 1.1012
2461219.4231126 99.99999 9.99999 -0.0003615 1.1014
2461219.4232803 99.99999 9.99999 -0.0003615 1.1017
2461219.4234348 99.99999 9.99999 -0.0003615 1.1019
2461219.4237518 99.99999 9.99999 -0.0003615 1.1024
2461219.4238289 99.99999 9.99999 -0.0003615 1.1025
2461219.4239069 99.99999 9.99999 -0.0003615 1.1026
2461219.4240608 99.99999 9.99999 -0.0003615 1.1029
2461219.4243002 99.99999 9.99999 -0.0003616 1.1032
2461219.4244546 99.99999 9.99999 -0.0003616 1.1035
2461219.4246944 99.99999 9.99999 -0.0003616 1.1038
2461219.4247712 99.99999 9.99999 -0.0003616 1.1039
2461219.4251720 99.99999 9.99999 -0.0003616 1.1045
2461219.4254826 99.99999 9.99999 -0.0003616 1.1050
2461219.4256420 99.99999 9.99999 -0.0003616 1.1053
2461219.4257990 -2.51524 0.02630 -0.0003616 1.1055
2461219.4258775 -2.60630 0.02526 -0.0003616 1.1056
2461219.4259547 99.99999 9.99999 -0.0003616 1.1057
2461219.4261166 99.99999 9.99999 -0.0003616 1.1060
2461219.4262703 99.99999 9.99999 -0.0003616 1.1062
2461219.4263483 99.99999 9.99999 -0.0003616 1.1064
2461219.4270572 99.99999 9.99999 -0.0003616 1.1075
2461219.4271342 -2.75690 0.02573 -0.0003616 1.1076
2461219.4276862 99.99999 9.99999 -0.0003617 1.1084
2461219.4277648 99.99999 9.99999 -0.0003617 1.1086
2461219.4278420 99.99999 9.99999 -0.0003617 1.1087
2461219.4280058 99.99999 9.99999 -0.0003617 1.1089
2461219.4281603 -2.83886 0.02641 -0.0003617 1.1092
2461219.4282385 99.99999 9.99999 -0.0003617 1.1093
2461219.4285544 -2.36951 0.02091 -0.0003617 1.1098
2461219.4286317 99.99999 9.99999 -0.0003617 1.1099
2461219.4287101 99.99999 9.99999 -0.0003617 1.1100
2461219.4289140 99.99999 9.99999 -0.0003617 1.1104
2461219.4292242 -2.32578 0.02046 -0.0003617 1.1109
2461219.4296243 99.99999 9.99999 -0.0003617 1.1115
2461219.4301750 99.99999 9.99999 -0.0003617 1.1124
2461219.4303375 99.99999 9.99999 -0.0003617 1.1126
2461219.4304139 -2.34688 0.01767 -0.0003617 1.1128
2461219.4308872 99.99999 9.99999 -0.0003618 1.1135
2461219.4310419 99.99999 9.99999 -0.0003618 1.1138
2461219.4311206 -2.31880 0.01882 -0.0003618 1.1139
2461219.4312804 99.99999 9.99999 -0.0003618 1.1141
2461219.4314372 99.99999 9.99999 -0.0003618 1.1144
2461219.4322296 99.99999 9.99999 -0.0003618 1.1157
2461219.4323845 99.99999 9.99999 -0.0003618 1.1159
2461219.4324617 -2.38452 0.02119 -0.0003618 1.1161
2461219.4327019 -2.36666 0.01803 -0.0003618 1.1165
2461219.4327808 99.99999 9.99999 -0.0003618 1.1166
2461219.4328587 99.99999 9.99999 -0.0003618 1.1167
2461219.4329373 99.99999 9.99999 -0.0003618 1.1169
2461219.4336346 99.99999 9.99999 -0.0003618 1.1180
2461219.4338659 99.99999 9.99999 -0.0003618 1.1184
2461219.4344013 -2.30767 0.02127 -0.0003619 1.1193
2461219.4345708 -2.52043 0.02335 -0.0003619 1.1196
2461219.4346485 -2.39910 0.02346 -0.0003619 1.1197
2461219.4347252 99.99999 9.99999 -0.0003619 1.1198
2461219.4348025 99.99999 9.99999 -0.0003619 1.1199
2461219.4348818 99.99999 9.99999 -0.0003619 1.1201
2461219.4350432 99.99999 9.99999 -0.0003619 1.1204
2461219.4351217 99.99999 9.99999 -0.0003619 1.1205
2461219.4352771 99.99999 9.99999 -0.0003619 1.1207
2461219.4353545 99.99999 9.99999 -0.0003619 1.1209
2461219.4355133 99.99999 9.99999 -0.0003619 1.1211
2461219.4358237 -2.68513 0.02573 -0.0003619 1.1217
2461219.4359889 99.99999 9.99999 -0.0003619 1.1219
2461219.4360661 99.99999 9.99999 -0.0003619 1.1221
2461219.4361434 99.99999 9.99999 -0.0003619 1.1222
2461219.4362204 99.99999 9.99999 -0.0003619 1.1223
2461219.4367732 99.99999 9.99999 -0.0003619 1.1233
2461219.4369368 -2.52555 0.02597 -0.0003619 1.1236
2461219.4370138 -2.30649 0.02232 -0.0003619 1.1237
2461219.4370910 99.99999 9.99999 -0.0003619 1.1238
2461219.4372461 99.99999 9.99999 -0.0003619 1.1241
2461219.4380481 99.99999 9.99999 -0.0003620 1.1255
2461219.4381250 99.99999 9.99999 -0.0003620 1.1256
2461219.4382034 99.99999 9.99999 -0.0003620 1.1257
2461219.4383661 99.99999 9.99999 -0.0003620 1.1260
2461219.4385203 99.99999 9.99999 -0.0003620 1.1263
2461219.4386761 99.99999 9.99999 -0.0003620 1.1266
2461219.4395551 99.99999 9.99999 -0.0003620 1.1281
2461219.4396350 99.99999 9.99999 -0.0003620 1.1282
2461219.4398758 99.99999 9.99999 -0.0003620 1.1286
2461219.4401082 -2.24975 0.02112 -0.0003620 1.1291
2461219.4405116 99.99999 9.99999 -0.0003620 1.1298
2461219.4409074 -2.20716 0.02889 -0.0003621 1.1305
2461219.4409853 99.99999 9.99999 -0.0003621 1.1306
2461219.4412360 -2.76168 0.02930 -0.0003621 1.1310
2461219.4413901 99.99999 9.99999 -0.0003621 1.1313
2461219.4414672 99.99999 9.99999 -0.0003621 1.1315
2461219.4415449 99.99999 9.99999 -0.0003621 1.1316
2461219.4419440 99.99999 9.99999 -0.0003621 1.1323
2461219.4423523 99.99999 9.99999 -0.0003621 1.1330
2461219.4424302 99.99999 9.99999 -0.0003621 1.1332
2461219.4425073 99.99999 9.99999 -0.0003621 1.1333
2461219.4426796 99.99999 9.99999 -0.0003621 1.1336
2461219.4432341 99.99999 9.99999 -0.0003621 1.1346
2461219.4433899 -2.46892 0.02461 -0.0003621 1.1349
2461219.4434668 99.99999 9.99999 -0.0003621 1.1351
2461219.4438711 99.99999 9.99999 -0.0003621 1.1358
2461219.4443544 99.99999 9.99999 -0.0003622 1.1367
2461219.4447618 99.99999 9.99999 -0.0003622 1.1374
2461219.4448397 99.99999 9.99999 -0.0003622 1.1376
2461219.4449168 -2.31336 0.02105 -0.0003622 1.1377
2461219.4452404 99.99999 9.99999 -0.0003622 1.1383
2461219.4453175 99.99999 9.99999 -0.0003622 1.1384
2461219.4461058 99.99999 9.99999 -0.0003622 1.1399
2461219.4461826 99.99999 9.99999 -0.0003622 1.1400
2461219.4465097 -2.07565 0.01856 -0.0003622 1.1406
2461219.4469840 99.99999 9.99999 -0.0003622 1.1415
2461219.4471398 99.99999 9.99999 -0.0003622 1.1418
2461219.4472167 99.99999 9.99999 -0.0003622 1.1420
2461219.4472947 99.99999 9.99999 -0.0003622 1.1421
2461219.4474603 99.99999 9.99999 -0.0003623 1.1424
2461219.4476144 -2.20556 0.02127 -0.0003623 1.1427
2461219.4477694 99.99999 9.99999 -0.0003623 1.1430
2461219.4479357 99.99999 9.99999 -0.0003623 1.1433
2461219.4484110 99.99999 9.99999 -0.0003623 1.1442
2461219.4490460 99.99999 9.99999 -0.0003623 1.1454
2461219.4494476 99.99999 9.99999 -0.0003623 1.1462
2461219.4500105 99.99999 9.99999 -0.0003623 1.1473
2461219.4501663 -2.30483 0.02681 -0.0003623 1.1476
2461219.4505608 99.99999 9.99999 -0.0003623 1.1483
2461219.4506393 99.99999 9.99999 -0.0003624 1.1485
2461219.4508898 -2.09860 0.01916 -0.0003624 1.1490
2461219.4509672 -2.42748 0.02532 -0.0003624 1.1491
2461219.4511236 99.99999 9.99999 -0.0003624 1.1494
2461219.4512867 99.99999 9.99999 -0.0003624 1.1497
2461219.4515980 -2.37538 0.02479 -0.0003624 1.1503
2461219.4517622 99.99999 9.99999 -0.0003624 1.1507
2461219.4518385 99.99999 9.99999 -0.0003624 1.1508
2461219.4519943 99.99999 9.99999 -0.0003624 1.1511
2461219.4523190 99.99999 9.99999 -0.0003624 1.1517
2461219.4523961 99.99999 9.99999 -0.0003624 1.1519
2461219.4524753 -1.88900 0.02279 -0.0003624 1.1520
2461219.4525524 99.99999 9.99999 -0.0003624 1.1522
2461219.4533596 -2.17823 0.02076 -0.0003624 1.1538
2461219.4535160 99.99999 9.99999 -0.0003624 1.1541
2461219.4539258 -2.13303 0.02116 -0.0003625 1.1549
2461219.4540028 99.99999 9.99999 -0.0003625 1.1551
2461219.4541740 -1.81018 0.01827 -0.0003625 1.1554
2461219.4543286 99.99999 9.99999 -0.0003625 1.1557
2461219.4544062 99.99999 9.99999 -0.0003625 1.1559
2461219.4544840 99.99999 9.99999 -0.0003625 1.1560
2461219.4546447 99.99999 9.99999 -0.0003625 1.1563
2461219.4548005 99.99999 9.99999 -0.0003625 1.1567
2461219.4548785 99.99999 9.99999 -0.0003625 1.1568
2461219.4551164 -1.98755 0.02014 -0.0003625 1.1573
2461219.4551931 99.99999 9.99999 -0.0003625 1.1574
2461219.4557445 99.99999 9.99999 -0.0003625 1.1586
2461219.4558222 99.99999 9.99999 -0.0003625 1.1587
2461219.4560292 99.99999 9.99999 -0.0003625 1.1591
2461219.4562609 99.99999 9.99999 -0.0003625 1.1596
2461219.4563408 99.99999 9.99999 -0.0003625 1.1598
2461219.4565059 -2.28914 0.02586 -0.0003625 1.1601
2461219.4567389 -2.26490 0.02783 -0.0003625 1.1606
2461219.4568155 -2.48614 0.02892 -0.0003625 1.1607
2461219.4569888 99.99999 9.99999 -0.0003625 1.1611
2461219.4570670 99.99999 9.99999 -0.0003625 1.1612
2461219.4571442 99.99999 9.99999 -0.0003625 1.1614
2461219.4574726 -2.07082 0.01797 -0.0003626 1.1621
2461219.4575511 -2.09534 0.02057 -0.0003626 1.1622
2461219.4579574 99.99999 9.99999 -0.0003626 1.1631
2461219.4582695 99.99999 9.99999 -0.0003626 1.1637
2461219.4584376 99.99999 9.99999 -0.0003626 1.1640
2461219.4585928 99.99999 9.99999 -0.0003626 1.1644
2461219.4587485 -2.09733 0.01841 -0.0003626 1.1647
2461219.4589103 99.99999 9.99999 -0.0003626 1.1650
2461219.4590643 99.99999 9.99999 -0.0003626 1.1653
2461219.4594589 99.99999 9.99999 -0.0003626 1.1662
2461219.4596921 99.99999 9.99999 -0.0003626 1.1666
2461219.4598548 99.99999 9.99999 -0.0003626 1.1670
2461219.4599322 99.99999 9.99999 -0.0003626 1.1671
2461219.4601655 99.99999 9.99999 -0.0003626 1.1676
2461219.4603281 -2.30053 0.02791 -0.0003626 1.1680
2461219.4604835 -2.35022 0.02748 -0.0003626 1.1683
2461219.4608006 99.99999 9.99999 -0.0003627 1.1690
2461219.4609543 -2.51829 0.02897 -0.0003627 1.1693
2461219.4612760 -2.19589 0.02345 -0.0003627 1.1700
2461219.4613533 99.99999 9.99999 -0.0003627 1.1701
2461219.4617270 99.99999 9.99999 -0.0003627 1.1709
2461219.4618807 99.99999 9.99999 -0.0003627 1.1712
2461219.4619588 -2.09344 0.02390 -0.0003627 1.1714
2461219.4622038 99.99999 9.99999 -0.0003627 1.1719
2461219.4622810 99.99999 9.99999 -0.0003627 1.1721
2461219.4624352 99.99999 9.99999 -0.0003627 1.1724
2461219.4625134 -2.26729 0.02517 -0.0003627 1.1726
2461219.4626777 -2.16907 0.02414 -0.0003627 1.1729
2461219.4628316 99.99999 9.99999 -0.0003627 1.1733
2461219.4632363 99.99999 9.99999 -0.0003627 1.1741
2461219.4633135 99.99999 9.99999 -0.0003627 1.1743
2461219.4633910 99.99999 9.99999 -0.0003627 1.1745
2461219.4634696 99.99999 9.99999 -0.0003627 1.1746
2461219.4637885 -2.14105 0.02127 -0.0003627 1.1753
2461219.4639433 -1.88142 0.02367 -0.0003628 1.1757
2461219.4641835 99.99999 9.99999 -0.0003628 1.1762
2461219.4642623 -2.01012 0.02104 -0.0003628 1.1764
2461219.4643394 -1.92795 0.02376 -0.0003628 1.1765
2461219.4644183 99.99999 9.99999 -0.0003628 1.1767
2461219.4646574 99.99999 9.99999 -0.0003628 1.1772
2461219.4648905 99.99999 9.99999 -0.0003628 1.1777
2461219.4650587 99.99999 9.99999 -0.0003628 1.1781
2461219.4652126 99.99999 9.99999 -0.0003628 1.1784
2461219.4652905 99.99999 9.99999 -0.0003628 1.1786
2461219.4657591 99.99999 9.99999 -0.0003628 1.1796
2461219.4660046 -2.02871 0.01758 -0.0003628 1.1801
2461219.4660817 99.99999 9.99999 -0.0003628 1.1803
2461219.4662493 99.99999 9.99999 -0.0003628 1.1807
2461219.4663281 99.99999 9.99999 -0.0003628 1.1809
2461219.4665726 -1.90570 0.01665 -0.0003628 1.1814
2461219.4666507 99.99999 9.99999 -0.0003628 1.1816
2461219.4667286 -2.03855 0.02103 -0.0003628 1.1817
2461219.4670500 99.99999 9.99999 -0.0003628 1.1824
2461219.4671260 99.99999 9.99999 -0.0003629 1.1826
2461219.4672819 99.99999 9.99999 -0.0003629 1.1830
2461219.4675272 99.99999 9.99999 -0.0003629 1.1835
2461219.4676052 -1.97343 0.02169 -0.0003629 1.1837
2461219.4677605 99.99999 9.99999 -0.0003629 1.1840
2461219.4678377 99.99999 9.99999 -0.0003629 1.1842
2461219.4680145 99.99999 9.99999 -0.0003629 1.1846
2461219.4680922 99.99999 9.99999 -0.0003629 1.1848
2461219.4681696 99.99999 9.99999 -0.0003629 1.1849
2461219.4682486 99.99999 9.99999 -0.0003629 1.1851
2461219.4683259 99.99999 9.99999 -0.0003629 1.1853
2461219.4685702 99.99999 9.99999 -0.0003629 1.1858
2461219.4686479 99.99999 9.99999 -0.0003629 1.1860
2461219.4690788 99.99999 9.99999 -0.0003629 1.1870
2461219.4692350 99.99999 9.99999 -0.0003629 1.1873
2461219.4694809 99.99999 9.99999 -0.0003629 1.1879
2461219.4695575 99.99999 9.99999 -0.0003629 1.1881
2461219.4698717 99.99999 9.99999 -0.0003629 1.1888
2461219.4699500 -2.02786 0.02033 -0.0003629 1.1889
2461219.4700282 99.99999 9.99999 -0.0003629 1.1891
2461219.4701833 99.99999 9.99999 -0.0003629 1.1895
2461219.4703449 99.99999 9.99999 -0.0003629 1.1898
2461219.4704217 99.99999 9.99999 -0.0003630 1.1900
2461219.4708967 99.99999 9.99999 -0.0003630 1.1911
2461219.4709737 99.99999 9.99999 -0.0003630 1.1913
2461219.4710507 -2.13367 0.02748 -0.0003630 1.1914
2461219.4713394 -2.15095 0.02267 -0.0003630 1.1921
2461219.4717444 -2.23264 0.02004 -0.0003630 1.1930
2461219.4718992 99.99999 9.99999 -0.0003630 1.1934
2461219.4720556 99.99999 9.99999 -0.0003630 1.1937
2461219.4727097 99.99999 9.99999 -0.0003630 1.1953
2461219.4728641 99.99999 9.99999 -0.0003630 1.1956
2461219.4729423 99.99999 9.99999 -0.0003630 1.1958
2461219.4730192 -2.07785 0.02138 -0.0003630 1.1960
2461219.4731940 99.99999 9.99999 -0.0003630 1.1964
2461219.4732720 99.99999 9.99999 -0.0003630 1.1966
2461219.4733490 99.99999 9.99999 -0.0003630 1.1967
2461219.4736733 99.99999 9.99999 -0.0003631 1.1975
2461219.4737507 99.99999 9.99999 -0.0003631 1.1977
2461219.4747114 99.99999 9.99999 -0.0003631 1.1999
2461219.4757378 99.99999 9.99999 -0.0003631 1.2023
2461219.4758145 99.99999 9.99999 -0.0003631 1.2025
2461219.4758940 99.99999 9.99999 -0.0003631 1.2027
2461219.4762150 99.99999 9.99999 -0.0003631 1.2035
2461219.4762938 99.99999 9.99999 -0.0003631 1.2037
2461219.4766193 -1.73627 0.01811 -0.0003631 1.2044
2461219.4771821 99.99999 9.99999 -0.0003632 1.2058
2461219.4773387 99.99999 9.99999 -0.0003632 1.2062
2461219.4775115 99.99999 9.99999 -0.0003632 1.2066
2461219.4777431 -1.88240 0.01891 -0.0003632 1.2071
2461219.4778204 99.99999 9.99999 -0.0003632 1.2073
2461219.4779932 99.99999 9.99999 -0.0003632 1.2077
2461219.4780716 99.99999 9.99999 -0.0003632 1.2079
2461219.4781484 99.99999 9.99999 -0.0003632 1.2081
2461219.4786337 99.99999 9.99999 -0.0003632 1.2093
2461219.4787119 99.99999 9.99999 -0.0003632 1.2095
2461219.4787890 99.99999 9.99999 -0.0003632 1.2097
2461219.4790364 99.99999 9.99999 -0.0003632 1.2103
2461219.4802328 -1.81941 0.01963 -0.0003632 1.2132
2461219.4803942 -2.26498 0.02329 -0.0003633 1.2136
2461219.4804712 -2.04692 0.02349 -0.0003633 1.2138
2461219.4806256 99.99999 9.99999 -0.0003633 1.2141
2461219.4808680 99.99999 9.99999 -0.0003633 1.2147
2461219.4811003 99.99999 9.99999 -0.0003633 1.2153
2461219.4813482 -2.34292 0.02296 -0.0003633 1.2159
2461219.4814259 99.99999 9.99999 -0.0003633 1.2161
2461219.4815032 -1.91071 0.02059 -0.0003633 1.2163
2461219.4815812 -2.34080 0.02403 -0.0003633 1.2165
2461219.4816583 99.99999 9.99999 -0.0003633 1.2167
2461219.4818368 -2.09639 0.02334 -0.0003633 1.2171
2461219.4819144 99.99999 9.99999 -0.0003633 1.2173
2461219.4819910 99.99999 9.99999 -0.0003633 1.2175
2461219.4820698 -2.11635 0.01966 -0.0003633 1.2177
2461219.4823994 99.99999 9.99999 -0.0003633 1.2185
2461219.4825544 99.99999 9.99999 -0.0003633 1.2189
2461219.4831175 -2.49067 0.02633 -0.0003633 1.2203
2461219.4835243 99.99999 9.99999 -0.0003633 1.2213
2461219.4836015 99.99999 9.99999 -0.0003634 1.2215
2461219.4837743 99.99999 9.99999 -0.0003634 1.2220
2461219.4840864 99.99999 9.99999 -0.0003634 1.2228
2461219.4842523 99.99999 9.99999 -0.0003634 1.2232
2461219.4843298 99.99999 9.99999 -0.0003634 1.2234
2461219.4844083 -2.21494 0.01916 -0.0003634 1.2236
2461219.4845639 99.99999 9.99999 -0.0003634 1.2240
2461219.4847390 -2.28395 0.02002 -0.0003634 1.2244
2461219.4848936 99.99999 9.99999 -0.0003634 1.2248
2461219.4850498 99.99999 9.99999 -0.0003634 1.2252
2461219.4852113 99.99999 9.99999 -0.0003634 1.2256
2461219.4852891 -1.95446 0.01864 -0.0003634 1.2258
2461219.4853662 -2.20632 0.02028 -0.0003634 1.2260
2461219.4854444 99.99999 9.99999 -0.0003634 1.2262
2461219.4855217 -2.22034 0.02305 -0.0003634 1.2264
2461219.4856968 -2.41299 0.02056 -0.0003634 1.2268
2461219.4857742 99.99999 9.99999 -0.0003634 1.2270
2461219.4858509 99.99999 9.99999 -0.0003634 1.2272
2461219.4859298 99.99999 9.99999 -0.0003634 1.2274
2461219.4860066 99.99999 9.99999 -0.0003634 1.2276
2461219.4867363 -2.30373 0.02195 -0.0003634 1.2295
2461219.4868132 99.99999 9.99999 -0.0003634 1.2297
2461219.4869687 -2.32737 0.02185 -0.0003635 1.2301
2461219.4871395 99.99999 9.99999 -0.0003635 1.2305
2461219.4872173 -2.53227 0.02774 -0.0003635 1.2307
2461219.4872943 99.99999 9.99999 -0.0003635 1.2309
2461219.4873714 99.99999 9.99999 -0.0003635 1.2311
2461219.4878605 99.99999 9.99999 -0.0003635 1.2324
2461219.4879380 99.99999 9.99999 -0.0003635 1.2326
2461219.4888876 -2.27966 0.02386 -0.0003635 1.2351
2461219.4894531 99.99999 9.99999 -0.0003635 1.2366
2461219.4896135 -2.29153 0.02141 -0.0003635 1.2370
2461219.4900926 99.99999 9.99999 -0.0003635 1.2382
2461219.4902464 99.99999 9.99999 -0.0003636 1.2387
2461219.4903232 99.99999 9.99999 -0.0003636 1.2389
2461219.4907251 -2.21316 0.01960 -0.0003636 1.2399
2461219.4908017 -2.28644 0.02693 -0.0003636 1.2401
2461219.4908799 99.99999 9.99999 -0.0003636 1.2403
2461219.4915214 99.99999 9.99999 -0.0003636 1.2420
2461219.4916771 -2.53138 0.02614 -0.0003636 1.2425
2461219.4918330 99.99999 9.99999 -0.0003636 1.2429
2461219.4920824 -2.26082 0.02259 -0.0003636 1.2435
2461219.4921593 99.99999 9.99999 -0.0003636 1.2437
2461219.4923152 99.99999 9.99999 -0.0003636 1.2442
2461219.4925670 99.99999 9.99999 -0.0003636 1.2448
2461219.4929399 -2.34831 0.02416 -0.0003636 1.2458
2461219.4930949 -2.60957 0.02600 -0.0003636 1.2463
2461219.4931726 99.99999 9.99999 -0.0003636 1.2465
2461219.4934158 -2.25582 0.01929 -0.0003636 1.2471
2461219.4934941 -2.46699 0.02472 -0.0003637 1.2473
2461219.4937275 99.99999 9.99999 -0.0003637 1.2480
2461219.4939767 99.99999 9.99999 -0.0003637 1.2486
2461219.4940545 99.99999 9.99999 -0.0003637 1.2488
2461219.4941322 99.99999 9.99999 -0.0003637 1.2491
2461219.4944610 -2.38494 0.02222 -0.0003637 1.2500
2461219.4946162 99.99999 9.99999 -0.0003637 1.2504
2461219.4946933 99.99999 9.99999 -0.0003637 1.2506
2461219.4949437 99.99999 9.99999 -0.0003637 1.2513
2461219.4950209 99.99999 9.99999 -0.0003637 1.2515
2461219.4950983 99.99999 9.99999 -0.0003637 1.2517
2461219.4951759 99.99999 9.99999 -0.0003637 1.2519
2461219.4953464 99.99999 9.99999 -0.0003637 1.2524
2461219.4955814 -2.11560 0.01977 -0.0003637 1.2530
2461219.4961435 99.99999 9.99999 -0.0003637 1.2546
2461219.4967849 99.99999 9.99999 -0.0003638 1.2563
2461219.4972571 99.99999 9.99999 -0.0003638 1.2576
2461219.4974110 99.99999 9.99999 -0.0003638 1.2581
2461219.4975663 99.99999 9.99999 -0.0003638 1.2585
