JDHEL V-C s1 HELCOR AIRMASS
Aperture: 4, Filter: IRCUT, JD: heliocentric
2461218.3639136 -2.49127 0.02050 -0.0003259 1.0363
2461218.3639900 -2.69999 0.02230 -0.0003259 1.0363
2461218.3640669 -2.54703 0.01953 -0.0003259 1.0364
2461218.3642227 -2.41849 0.01862 -0.0003259 1.0365
2461218.3643788 -2.51615 0.01847 -0.0003259 1.0366
2461218.3644564 -2.72687 0.02074 -0.0003259 1.0366
2461218.3645384 -2.64547 0.02156 -0.0003259 1.0367
2461218.3646172 -2.66996 0.01921 -0.0003259 1.0367
2461218.3646955 -2.54091 0.01848 -0.0003259 1.0368
2461218.3648577 -2.49639 0.01894 -0.0003259 1.0369
2461218.3649369 -2.59321 0.02032 -0.0003259 1.0369
2461218.3650153 -2.54724 0.01979 -0.0003259 1.0370
2461218.3650926 99.99999 9.99999 -0.0003259 1.0370
2461218.3651705 99.99999 9.99999 -0.0003259 1.0371
2461218.3653407 -2.55259 0.01970 -0.0003259 1.0372
2461218.3654184 99.99999 9.99999 -0.0003259 1.0372
2461218.3654965 -2.55049 0.02104 -0.0003259 1.0373
2461218.3655739 -2.63340 0.02233 -0.0003259 1.0373
2461218.3656517 -2.13453 0.01942 -0.0003259 1.0374
2461218.3658137 99.99999 9.99999 -0.0003259 1.0375
2461218.3658915 -2.51229 0.02006 -0.0003259 1.0375
2461218.3659702 -2.45536 0.01958 -0.0003259 1.0376
2461218.3660470 -2.58530 0.02121 -0.0003259 1.0376
2461218.3663629 -2.40611 0.01856 -0.0003259 1.0378
2461218.3664392 -2.39220 0.01852 -0.0003259 1.0379
2461218.3665174 -2.47854 0.01971 -0.0003259 1.0379
2461218.3665942 -2.49348 0.01904 -0.0003259 1.0380
2461218.3667655 -2.47430 0.01816 -0.0003259 1.0381
2461218.3668441 -2.48540 0.01862 -0.0003259 1.0381
2461218.3669213 -2.62885 0.01946 -0.0003260 1.0382
2461218.3669992 -2.39218 0.01704 -0.0003260 1.0382
2461218.3670766 -2.51001 0.01883 -0.0003260 1.0383
2461218.3672398 -2.61134 0.01860 -0.0003260 1.0384
2461218.3673163 -2.68152 0.01976 -0.0003260 1.0385
2461218.3674715 -2.65949 0.01921 -0.0003260 1.0386
2461218.3675501 99.99999 9.99999 -0.0003260 1.0386
2461218.3677083 -2.39410 0.01790 -0.0003260 1.0387
2461218.3677861 -2.42324 0.01831 -0.0003260 1.0388
2461218.3678631 99.99999 9.99999 -0.0003260 1.0388
2461218.3679402 99.99999 9.99999 -0.0003260 1.0389
2461218.3680191 -2.38594 0.01911 -0.0003260 1.0389
2461218.3681791 -2.44195 0.01803 -0.0003260 1.0390
2461218.3682580 -2.58502 0.01976 -0.0003260 1.0391
2461218.3683357 -2.54989 0.01970 -0.0003260 1.0391
2461218.3684133 -2.53186 0.01915 -0.0003260 1.0392
2461218.3684908 -2.12447 0.01808 -0.0003260 1.0393
2461218.3686501 -2.50104 0.01753 -0.0003260 1.0394
2461218.3687268 -2.66467 0.01945 -0.0003260 1.0394
2461218.3688045 -2.72905 0.02238 -0.0003260 1.0395
2461218.3688829 -2.80444 0.02241 -0.0003260 1.0395
2461218.3689605 -2.72773 0.02293 -0.0003260 1.0396
2461218.3691249 -2.58743 0.01962 -0.0003260 1.0397
2461218.3692024 -2.61352 0.01954 -0.0003260 1.0397
2461218.3692792 -2.77573 0.02236 -0.0003260 1.0398
2461218.3693567 -2.61272 0.01890 -0.0003260 1.0398
2461218.3694358 -2.49297 0.01918 -0.0003260 1.0399
2461218.3695958 99.99999 9.99999 -0.0003260 1.0400
2461218.3696749 -2.55556 0.01910 -0.0003260 1.0401
2461218.3697522 -2.61501 0.01867 -0.0003260 1.0401
2461218.3698294 99.99999 9.99999 -0.0003260 1.0402
2461218.3699069 -2.47579 0.01858 -0.0003260 1.0402
2461218.3700655 -2.61540 0.01834 -0.0003260 1.0403
2461218.3701422 99.99999 9.99999 -0.0003260 1.0404
2461218.3702190 -2.57288 0.01845 -0.0003261 1.0405
2461218.3702965 -2.57184 0.01848 -0.0003261 1.0405
2461218.3703736 -2.63738 0.01963 -0.0003261 1.0406
2461218.3705403 -2.48447 0.01594 -0.0003261 1.0407
2461218.3706175 -2.59629 0.02045 -0.0003261 1.0407
2461218.3706947 -2.55611 0.01972 -0.0003261 1.0408
2461218.3707719 99.99999 9.99999 -0.0003261 1.0408
2461218.3708509 -2.57974 0.01776 -0.0003261 1.0409
2461218.3710851 99.99999 9.99999 -0.0003261 1.0411
2461218.3711616 99.99999 9.99999 -0.0003261 1.0411
2461218.3712399 -2.53821 0.01926 -0.0003261 1.0412
2461218.3713169 -2.58059 0.01871 -0.0003261 1.0412
2461218.3714722 -2.45030 0.01803 -0.0003261 1.0413
2461218.3716273 -2.52506 0.01916 -0.0003261 1.0415
2461218.3717059 -2.52630 0.02045 -0.0003261 1.0415
2461218.3717827 -2.48463 0.01997 -0.0003261 1.0416
2461218.3719561 99.99999 9.99999 -0.0003261 1.0417
2461218.3720336 -2.69865 0.02107 -0.0003261 1.0418
2461218.3721110 -2.53924 0.01891 -0.0003261 1.0418
2461218.3721891 -2.52546 0.01873 -0.0003261 1.0419
2461218.3722663 99.99999 9.99999 -0.0003261 1.0419
2461218.3724296 -2.50282 0.01787 -0.0003261 1.0420
2461218.3725857 -2.68479 0.02072 -0.0003261 1.0422
2461218.3727410 99.99999 9.99999 -0.0003261 1.0423
2461218.3729000 99.99999 9.99999 -0.0003261 1.0424
2461218.3729776 99.99999 9.99999 -0.0003261 1.0424
2461218.3730557 -2.74521 0.02159 -0.0003261 1.0425
2461218.3731327 -2.62537 0.02108 -0.0003261 1.0426
2461218.3732104 -2.58886 0.02063 -0.0003261 1.0426
2461218.3733728 -2.79368 0.02231 -0.0003261 1.0427
2461218.3734498 99.99999 9.99999 -0.0003261 1.0428
2461218.3735269 -2.57332 0.01956 -0.0003262 1.0429
2461218.3736044 -2.69984 0.01947 -0.0003262 1.0429
2461218.3736816 -2.58894 0.01880 -0.0003262 1.0430
2461218.3738484 -2.54239 0.01882 -0.0003262 1.0431
2461218.3739260 -2.61074 0.02047 -0.0003262 1.0432
2461218.3740031 -2.71449 0.02068 -0.0003262 1.0432
2461218.3740803 -2.55657 0.01710 -0.0003262 1.0433
2461218.3741593 -2.47463 0.01805 -0.0003262 1.0433
2461218.3743168 -2.50677 0.01887 -0.0003262 1.0434
2461218.3743946 99.99999 9.99999 -0.0003262 1.0435
2461218.3744729 99.99999 9.99999 -0.0003262 1.0436
2461218.3745494 -2.51717 0.01778 -0.0003262 1.0436
2461218.3746277 99.99999 9.99999 -0.0003262 1.0437
2461218.3747858 -2.60093 0.01835 -0.0003262 1.0438
2461218.3748629 -2.50382 0.01906 -0.0003262 1.0439
2461218.3749410 99.99999 9.99999 -0.0003262 1.0439
2461218.3750181 -2.46579 0.01928 -0.0003262 1.0440
2461218.3752547 99.99999 9.99999 -0.0003262 1.0442
2461218.3754265 99.99999 9.99999 -0.0003262 1.0443
2461218.3755043 -2.52093 0.01762 -0.0003262 1.0444
2461218.3755825 -2.50663 0.01913 -0.0003262 1.0444
2461218.3756594 -2.43869 0.01787 -0.0003262 1.0445
2461218.3759095 -2.51351 0.01697 -0.0003262 1.0447
2461218.3759865 -2.57236 0.01918 -0.0003262 1.0447
2461218.3760632 -2.56713 0.01854 -0.0003262 1.0448
2461218.3761403 99.99999 9.99999 -0.0003262 1.0449
2461218.3763837 99.99999 9.99999 -0.0003262 1.0450
2461218.3765385 -2.49491 0.01767 -0.0003262 1.0452
2461218.3766157 99.99999 9.99999 -0.0003262 1.0452
2461218.3767836 99.99999 9.99999 -0.0003263 1.0454
2461218.3768606 -2.04007 0.01557 -0.0003263 1.0454
2461218.3769384 -2.52982 0.01836 -0.0003263 1.0455
2461218.3770156 -2.56965 0.01851 -0.0003263 1.0455
2461218.3770955 -2.49554 0.01715 -0.0003263 1.0456
2461218.3772516 -2.55927 0.01670 -0.0003263 1.0457
2461218.3773289 -2.53225 0.01690 -0.0003263 1.0458
2461218.3774060 -2.46555 0.01845 -0.0003263 1.0459
2461218.3774830 99.99999 9.99999 -0.0003263 1.0459
2461218.3775605 -2.52618 0.01888 -0.0003263 1.0460
2461218.3777251 -2.39226 0.01546 -0.0003263 1.0461
2461218.3778027 99.99999 9.99999 -0.0003263 1.0462
2461218.3779576 -2.42449 0.01783 -0.0003263 1.0463
2461218.3780350 -2.55187 0.01886 -0.0003263 1.0464
2461218.3782019 -2.17396 0.01784 -0.0003263 1.0465
2461218.3782787 99.99999 9.99999 -0.0003263 1.0466
2461218.3783563 -2.51223 0.01661 -0.0003263 1.0466
2461218.3784333 -2.53662 0.01709 -0.0003263 1.0467
2461218.3785116 99.99999 9.99999 -0.0003263 1.0468
2461218.3786714 -2.38715 0.01700 -0.0003263 1.0469
2461218.3787501 -2.53391 0.01768 -0.0003263 1.0469
2461218.3788278 99.99999 9.99999 -0.0003263 1.0470
2461218.3789050 99.99999 9.99999 -0.0003263 1.0471
2461218.3789832 -2.56870 0.02027 -0.0003263 1.0471
2461218.3791448 -2.54688 0.01811 -0.0003263 1.0473
2461218.3792218 99.99999 9.99999 -0.0003263 1.0473
2461218.3793772 -2.55633 0.01672 -0.0003263 1.0475
2461218.3794541 99.99999 9.99999 -0.0003263 1.0475
2461218.3796215 99.99999 9.99999 -0.0003263 1.0477
2461218.3796982 -2.42226 0.01752 -0.0003263 1.0477
2461218.3797761 -2.52109 0.02015 -0.0003263 1.0478
2461218.3799314 99.99999 9.99999 -0.0003263 1.0479
2461218.3800941 99.99999 9.99999 -0.0003264 1.0481
2461218.3801725 -2.50585 0.01910 -0.0003264 1.0481
2461218.3802504 -2.44992 0.01766 -0.0003264 1.0482
2461218.3803275 -2.54048 0.01987 -0.0003264 1.0483
2461218.3804055 -2.50332 0.02088 -0.0003264 1.0483
2461218.3805661 -2.33150 0.01698 -0.0003264 1.0485
2461218.3806429 -2.51553 0.01819 -0.0003264 1.0485
2461218.3807204 -2.55622 0.01781 -0.0003264 1.0486
2461218.3807983 99.99999 9.99999 -0.0003264 1.0486
2461218.3808754 -2.51193 0.01794 -0.0003264 1.0487
2461218.3810440 -2.54440 0.01838 -0.0003264 1.0489
2461218.3811220 -2.65950 0.01971 -0.0003264 1.0489
2461218.3811988 -2.60818 0.01785 -0.0003264 1.0490
2461218.3812765 -2.49677 0.02017 -0.0003264 1.0491
2461218.3813548 99.99999 9.99999 -0.0003264 1.0491
2461218.3815131 -2.41098 0.01865 -0.0003264 1.0493
2461218.3816675 99.99999 9.99999 -0.0003264 1.0494
2461218.3817446 99.99999 9.99999 -0.0003264 1.0495
2461218.3818219 99.99999 9.99999 -0.0003264 1.0495
2461218.3819865 99.99999 9.99999 -0.0003264 1.0497
2461218.3820628 99.99999 9.99999 -0.0003264 1.0497
2461218.3821402 -2.35808 0.01673 -0.0003264 1.0498
2461218.3822178 -2.37022 0.01696 -0.0003264 1.0499
2461218.3822951 -2.39571 0.01625 -0.0003264 1.0499
2461218.3824641 -2.45379 0.01697 -0.0003264 1.0501
2461218.3826188 -2.42355 0.01667 -0.0003264 1.0502
2461218.3826962 -2.53010 0.02010 -0.0003264 1.0503
2461218.3827743 99.99999 9.99999 -0.0003264 1.0503
2461218.3829373 99.99999 9.99999 -0.0003264 1.0505
2461218.3830157 -2.13058 0.01802 -0.0003264 1.0506
2461218.3830927 99.99999 9.99999 -0.0003264 1.0506
2461218.3831700 -2.35544 0.01636 -0.0003264 1.0507
2461218.3832474 -2.34309 0.01585 -0.0003264 1.0508
2461218.3834876 99.99999 9.99999 -0.0003265 1.0510
2461218.3835653 -2.47174 0.01712 -0.0003265 1.0510
2461218.3836425 -2.43037 0.01554 -0.0003265 1.0511
2461218.3837202 -2.42948 0.01767 -0.0003265 1.0512
2461218.3839562 -2.47155 0.01818 -0.0003265 1.0514
2461218.3840332 -2.37317 0.01609 -0.0003265 1.0515
2461218.3841107 99.99999 9.99999 -0.0003265 1.0515
2461218.3841891 99.99999 9.99999 -0.0003265 1.0516
2461218.3843441 99.99999 9.99999 -0.0003265 1.0517
2461218.3844215 99.99999 9.99999 -0.0003265 1.0518
2461218.3844989 -2.46031 0.01704 -0.0003265 1.0519
2461218.3845758 -2.41326 0.01690 -0.0003265 1.0519
2461218.3846534 99.99999 9.99999 -0.0003265 1.0520
2461218.3848170 -2.39272 0.01730 -0.0003265 1.0522
2461218.3848932 99.99999 9.99999 -0.0003265 1.0522
2461218.3849714 -2.48115 0.01709 -0.0003265 1.0523
2461218.3850488 -2.45145 0.01751 -0.0003265 1.0524
2461218.3851274 -2.46018 0.01673 -0.0003265 1.0524
2461218.3852862 -2.47188 0.01626 -0.0003265 1.0526
2461218.3855371 -2.45142 0.01756 -0.0003265 1.0528
2461218.3856154 -2.54802 0.01880 -0.0003265 1.0529
2461218.3856933 99.99999 9.99999 -0.0003265 1.0530
2461218.3860191 -2.36311 0.01801 -0.0003265 1.0532
2461218.3860954 99.99999 9.99999 -0.0003265 1.0533
2461218.3861728 99.99999 9.99999 -0.0003265 1.0534
2461218.3863374 -2.52580 0.02081 -0.0003265 1.0535
2461218.3864158 -2.33159 0.01660 -0.0003265 1.0536
2461218.3864941 -2.59612 0.01956 -0.0003265 1.0537
2461218.3865716 99.99999 9.99999 -0.0003265 1.0538
2461218.3866499 -2.45632 0.01999 -0.0003266 1.0538
2461218.3869619 -2.54622 0.02041 -0.0003266 1.0541
2461218.3870393 -2.34249 0.01708 -0.0003266 1.0542
2461218.3871170 -2.47848 0.01842 -0.0003266 1.0543
2461218.3873631 -2.39781 0.01969 -0.0003266 1.0545
2461218.3874406 -2.15825 0.01887 -0.0003266 1.0546
2461218.3875183 -2.32542 0.01671 -0.0003266 1.0546
2461218.3875971 99.99999 9.99999 -0.0003266 1.0547
2461218.3878359 -2.24231 0.01906 -0.0003266 1.0549
2461218.3879147 -2.28570 0.02056 -0.0003266 1.0550
2461218.3879923 -2.25737 0.01987 -0.0003266 1.0551
2461218.3880698 99.99999 9.99999 -0.0003266 1.0552
2461218.3883066 -2.52179 0.02037 -0.0003266 1.0554
2461218.3885396 -2.51282 0.01974 -0.0003266 1.0556
2461218.3887039 99.99999 9.99999 -0.0003266 1.0558
2461218.3887811 -2.37604 0.01940 -0.0003266 1.0558
2461218.3888594 99.99999 9.99999 -0.0003266 1.0559
2461218.3889362 -2.25306 0.01889 -0.0003266 1.0560
2461218.3891765 99.99999 9.99999 -0.0003266 1.0562
2461218.3892545 -2.28637 0.01638 -0.0003266 1.0563
2461218.3894876 99.99999 9.99999 -0.0003266 1.0565
2461218.3896486 -2.37271 0.01804 -0.0003266 1.0567
2461218.3897250 99.99999 9.99999 -0.0003266 1.0567
2461218.3898795 -2.29559 0.01739 -0.0003266 1.0569
2461218.3901259 -2.37483 0.01646 -0.0003267 1.0571
2461218.3902805 99.99999 9.99999 -0.0003267 1.0573
2461218.3903580 99.99999 9.99999 -0.0003267 1.0574
2461218.3904375 -2.36824 0.01889 -0.0003267 1.0574
2461218.3907536 -2.38121 0.01782 -0.0003267 1.0577
2461218.3909091 99.99999 9.99999 -0.0003267 1.0579
2461218.3910703 -2.42258 0.02007 -0.0003267 1.0581
2461218.3911472 99.99999 9.99999 -0.0003267 1.0581
2461218.3912244 99.99999 9.99999 -0.0003267 1.0582
2461218.3913026 99.99999 9.99999 -0.0003267 1.0583
2461218.3913799 99.99999 9.99999 -0.0003267 1.0584
2461218.3915391 99.99999 9.99999 -0.0003267 1.0585
2461218.3916162 -2.24453 0.01634 -0.0003267 1.0586
2461218.3916944 -2.10835 0.01887 -0.0003267 1.0587
2461218.3920133 -2.38974 0.01870 -0.0003267 1.0590
2461218.3920910 -2.47259 0.02182 -0.0003267 1.0591
2461218.3922469 99.99999 9.99999 -0.0003267 1.0592
2461218.3923260 -2.50697 0.02246 -0.0003267 1.0593
2461218.3924823 -2.43397 0.02084 -0.0003267 1.0595
2461218.3926378 -2.23193 0.01687 -0.0003267 1.0596
2461218.3927937 -2.26043 0.01739 -0.0003267 1.0598
2461218.3929544 -2.33700 0.01967 -0.0003267 1.0599
2461218.3930332 -2.14494 0.01717 -0.0003267 1.0600
2461218.3931096 99.99999 9.99999 -0.0003267 1.0601
2461218.3931877 -2.59906 0.02151 -0.0003267 1.0602
2461218.3934244 99.99999 9.99999 -0.0003268 1.0604
2461218.3935822 99.99999 9.99999 -0.0003268 1.0606
2461218.3936594 -2.40497 0.01859 -0.0003268 1.0606
2461218.3937366 99.99999 9.99999 -0.0003268 1.0607
2461218.3939058 99.99999 9.99999 -0.0003268 1.0609
2461218.3939845 99.99999 9.99999 -0.0003268 1.0610
2461218.3940629 99.99999 9.99999 -0.0003268 1.0611
2461218.3941402 99.99999 9.99999 -0.0003268 1.0611
2461218.3945326 -2.24462 0.02021 -0.0003268 1.0615
2461218.3946112 -2.44253 0.02251 -0.0003268 1.0616
2461218.3948555 -2.44712 0.02134 -0.0003268 1.0619
2461218.3949327 99.99999 9.99999 -0.0003268 1.0620
2461218.3953283 99.99999 9.99999 -0.0003268 1.0624
2461218.3954079 -2.32909 0.01881 -0.0003268 1.0625
2461218.3954856 -2.35954 0.01828 -0.0003268 1.0625
2461218.3956414 99.99999 9.99999 -0.0003268 1.0627
2461218.3958747 99.99999 9.99999 -0.0003268 1.0629
2461218.3960302 -2.21626 0.01863 -0.0003268 1.0631
2461218.3961080 99.99999 9.99999 -0.0003268 1.0632
2461218.3963462 -2.14406 0.01859 -0.0003268 1.0634
2461218.3964232 99.99999 9.99999 -0.0003268 1.0635
2461218.3965792 99.99999 9.99999 -0.0003269 1.0637
2461218.3967387 -2.20397 0.01760 -0.0003269 1.0639
2461218.3969741 -2.43646 0.01894 -0.0003269 1.0641
2461218.3970518 -2.26074 0.01637 -0.0003269 1.0642
2461218.3972115 99.99999 9.99999 -0.0003269 1.0644
2461218.3973656 -2.19307 0.01645 -0.0003269 1.0645
2461218.3976890 -2.29374 0.01643 -0.0003269 1.0649
2461218.3977664 99.99999 9.99999 -0.0003269 1.0650
2461218.3978436 99.99999 9.99999 -0.0003269 1.0650
2461218.3979208 -2.28592 0.01718 -0.0003269 1.0651
2461218.3979990 -2.20506 0.01789 -0.0003269 1.0652
2461218.3983971 -2.12182 0.01630 -0.0003269 1.0656
2461218.3984741 99.99999 9.99999 -0.0003269 1.0657
2461218.3986403 99.99999 9.99999 -0.0003269 1.0659
2461218.3987948 99.99999 9.99999 -0.0003269 1.0661
2461218.3988718 -2.04479 0.01866 -0.0003269 1.0662
2461218.3989490 -2.34134 0.02300 -0.0003269 1.0662
2461218.3991120 99.99999 9.99999 -0.0003269 1.0664
2461218.3992670 99.99999 9.99999 -0.0003269 1.0666
2461218.3993444 -2.24442 0.01896 -0.0003269 1.0667
2461218.3994220 -2.25796 0.01797 -0.0003269 1.0668
2461218.3996581 99.99999 9.99999 -0.0003269 1.0670
2461218.3997352 99.99999 9.99999 -0.0003269 1.0671
2461218.3998127 99.99999 9.99999 -0.0003270 1.0672
2461218.4001315 99.99999 9.99999 -0.0003270 1.0676
2461218.4003636 99.99999 9.99999 -0.0003270 1.0678
2461218.4006045 99.99999 9.99999 -0.0003270 1.0681
2461218.4006835 99.99999 9.99999 -0.0003270 1.0682
2461218.4008390 -2.00218 0.02005 -0.0003270 1.0683
2461218.4010748 -2.19234 0.01918 -0.0003270 1.0686
2461218.4011522 -2.14005 0.01836 -0.0003270 1.0687
2461218.4012297 99.99999 9.99999 -0.0003270 1.0688
2461218.4013083 -2.07112 0.01732 -0.0003270 1.0689
2461218.4014701 -2.49914 0.02284 -0.0003270 1.0691
2461218.4016264 99.99999 9.99999 -0.0003270 1.0692
2461218.4019424 -2.10786 0.01670 -0.0003270 1.0696
2461218.4020192 99.99999 9.99999 -0.0003270 1.0697
2461218.4021756 -2.24979 0.02141 -0.0003270 1.0699
2461218.4022529 -2.21521 0.02064 -0.0003270 1.0699
2461218.4024951 -2.19687 0.01766 -0.0003270 1.0702
2461218.4025733 -2.13448 0.01747 -0.0003270 1.0703
2461218.4028888 -1.85311 0.01600 -0.0003270 1.0707
2461218.4029672 99.99999 9.99999 -0.0003270 1.0708
2461218.4031233 99.99999 9.99999 -0.0003271 1.0709
2461218.4033640 -2.18090 0.01623 -0.0003271 1.0712
2461218.4034418 99.99999 9.99999 -0.0003271 1.0713
2461218.4036746 99.99999 9.99999 -0.0003271 1.0716
2461218.4038402 99.99999 9.99999 -0.0003271 1.0718
2461218.4039956 99.99999 9.99999 -0.0003271 1.0720
2461218.4043930 -2.05232 0.01711 -0.0003271 1.0724
2461218.4044700 -2.29466 0.01910 -0.0003271 1.0725
2461218.4047899 -2.19302 0.02029 -0.0003271 1.0729
2461218.4048674 99.99999 9.99999 -0.0003271 1.0730
2461218.4049461 99.99999 9.99999 -0.0003271 1.0731
2461218.4050229 99.99999 9.99999 -0.0003271 1.0732
2461218.4051021 -2.29422 0.01942 -0.0003271 1.0733
2461218.4052614 -2.08105 0.01769 -0.0003271 1.0734
2461218.4053386 99.99999 9.99999 -0.0003271 1.0735
2461218.4054926 99.99999 9.99999 -0.0003271 1.0737
2461218.4055699 -1.98548 0.01648 -0.0003271 1.0738
2461218.4057376 -2.10875 0.01650 -0.0003271 1.0740
2461218.4059694 99.99999 9.99999 -0.0003271 1.0743
2461218.4060467 -2.22051 0.02111 -0.0003271 1.0744
2461218.4062153 -2.14637 0.01676 -0.0003271 1.0746
2461218.4062927 99.99999 9.99999 -0.0003271 1.0747
2461218.4064466 99.99999 9.99999 -0.0003272 1.0749
2461218.4065254 -2.25997 0.01900 -0.0003272 1.0749
2461218.4066852 99.99999 9.99999 -0.0003272 1.0751
2461218.4071589 99.99999 9.99999 -0.0003272 1.0757
2461218.4072364 99.99999 9.99999 -0.0003272 1.0758
2461218.4073135 99.99999 9.99999 -0.0003272 1.0759
2461218.4074700 99.99999 9.99999 -0.0003272 1.0761
2461218.4076194 99.99999 9.99999 -0.0003272 1.0763
2461218.4076964 99.99999 9.99999 -0.0003272 1.0764
2461218.4080930 99.99999 9.99999 -0.0003272 1.0769
2461218.4081704 99.99999 9.99999 -0.0003272 1.0769
2461218.4083255 -1.80906 0.01586 -0.0003272 1.0771
2461218.4084048 -2.25276 0.01985 -0.0003272 1.0772
2461218.4085667 99.99999 9.99999 -0.0003272 1.0774
2461218.4090450 -1.95068 0.01698 -0.0003272 1.0780
2461218.4091232 99.99999 9.99999 -0.0003272 1.0781
2461218.4092005 -2.04086 0.01752 -0.0003272 1.0782
2461218.4092789 -1.95478 0.01614 -0.0003272 1.0783
2461218.4093573 99.99999 9.99999 -0.0003272 1.0784
2461218.4096773 99.99999 9.99999 -0.0003273 1.0788
2461218.4099953 99.99999 9.99999 -0.0003273 1.0792
2461218.4101524 99.99999 9.99999 -0.0003273 1.0794
2461218.4103081 99.99999 9.99999 -0.0003273 1.0796
2461218.4106243 99.99999 9.99999 -0.0003273 1.0800
2461218.4109455 99.99999 9.99999 -0.0003273 1.0804
2461218.4110236 -2.09838 0.01690 -0.0003273 1.0805
2461218.4111788 -2.22279 0.02199 -0.0003273 1.0807
2461218.4112570 -2.03551 0.01733 -0.0003273 1.0808
2461218.4114192 99.99999 9.99999 -0.0003273 1.0810
2461218.4115760 -2.19256 0.01920 -0.0003273 1.0812
2461218.4116544 99.99999 9.99999 -0.0003273 1.0813
2461218.4118908 -1.91067 0.01614 -0.0003273 1.0816
2461218.4120448 99.99999 9.99999 -0.0003273 1.0818
2461218.4121228 99.99999 9.99999 -0.0003273 1.0819
2461218.4122000 99.99999 9.99999 -0.0003273 1.0820
2461218.4123680 99.99999 9.99999 -0.0003273 1.0822
2461218.4124451 -2.02247 0.01625 -0.0003273 1.0823
2461218.4125228 99.99999 9.99999 -0.0003273 1.0824
2461218.4128377 99.99999 9.99999 -0.0003273 1.0828
2461218.4129151 99.99999 9.99999 -0.0003273 1.0829
2461218.4129935 -2.22982 0.01845 -0.0003274 1.0830
2461218.4130708 99.99999 9.99999 -0.0003274 1.0831
2461218.4133139 99.99999 9.99999 -0.0003274 1.0834
2461218.4133903 99.99999 9.99999 -0.0003274 1.0835
2461218.4138708 99.99999 9.99999 -0.0003274 1.0842
2461218.4140272 -1.94259 0.01786 -0.0003274 1.0844
2461218.4142618 99.99999 9.99999 -0.0003274 1.0847
2461218.4143390 99.99999 9.99999 -0.0003274 1.0848
2461218.4144933 -2.07235 0.01787 -0.0003274 1.0850
2461218.4147344 99.99999 9.99999 -0.0003274 1.0853
2461218.4148917 -2.09211 0.01926 -0.0003274 1.0855
2461218.4149695 -2.14262 0.02179 -0.0003274 1.0856
2461218.4153734 -2.27007 0.02189 -0.0003274 1.0862
2461218.4154504 99.99999 9.99999 -0.0003274 1.0863
2461218.4155293 -2.32529 0.02027 -0.0003274 1.0864
2461218.4156907 99.99999 9.99999 -0.0003274 1.0866
2461218.4157698 -1.94601 0.01948 -0.0003274 1.0867
2461218.4158477 99.99999 9.99999 -0.0003274 1.0868
2461218.4159250 99.99999 9.99999 -0.0003274 1.0869
2461218.4161664 -1.90872 0.01766 -0.0003274 1.0872
2461218.4162433 99.99999 9.99999 -0.0003275 1.0873
2461218.4163209 99.99999 9.99999 -0.0003275 1.0874
2461218.4164761 99.99999 9.99999 -0.0003275 1.0876
2461218.4166423 99.99999 9.99999 -0.0003275 1.0879
2461218.4171140 -2.19335 0.01941 -0.0003275 1.0885
2461218.4172704 -1.73775 0.01854 -0.0003275 1.0887
2461218.4174261 99.99999 9.99999 -0.0003275 1.0889
2461218.4177519 99.99999 9.99999 -0.0003275 1.0894
2461218.4180693 99.99999 9.99999 -0.0003275 1.0898
2461218.4182257 99.99999 9.99999 -0.0003275 1.0900
2461218.4183024 -1.99133 0.01544 -0.0003275 1.0901
2461218.4185010 -2.01577 0.01576 -0.0003275 1.0904
2461218.4187336 -1.97162 0.01701 -0.0003275 1.0907
2461218.4188105 -1.92856 0.01732 -0.0003275 1.0908
2461218.4189771 -1.92954 0.01755 -0.0003275 1.0910
2461218.4190534 99.99999 9.99999 -0.0003275 1.0912
2461218.4191323 -1.86149 0.01651 -0.0003275 1.0913
2461218.4192093 -2.31745 0.02183 -0.0003275 1.0914
2461218.4192882 99.99999 9.99999 -0.0003275 1.0915
2461218.4195321 -2.06649 0.01644 -0.0003276 1.0918
2461218.4196120 99.99999 9.99999 -0.0003276 1.0919
2461218.4197686 -2.14036 0.01781 -0.0003276 1.0921
2461218.4199302 -1.77786 0.01943 -0.0003276 1.0924
2461218.4200091 -2.19388 0.02030 -0.0003276 1.0925
2461218.4200873 -1.86093 0.01790 -0.0003276 1.0926
2461218.4204004 99.99999 9.99999 -0.0003276 1.0930
2461218.4204773 -2.22248 0.01786 -0.0003276 1.0931
2461218.4206328 99.99999 9.99999 -0.0003276 1.0934
2461218.4207097 99.99999 9.99999 -0.0003276 1.0935
2461218.4208791 99.99999 9.99999 -0.0003276 1.0937
2461218.4209566 99.99999 9.99999 -0.0003276 1.0938
2461218.4211113 99.99999 9.99999 -0.0003276 1.0940
2461218.4213503 99.99999 9.99999 -0.0003276 1.0944
2461218.4214293 99.99999 9.99999 -0.0003276 1.0945
2461218.4215859 99.99999 9.99999 -0.0003276 1.0947
2461218.4216633 99.99999 9.99999 -0.0003276 1.0948
2461218.4218238 99.99999 9.99999 -0.0003276 1.0950
2461218.4219009 99.99999 9.99999 -0.0003276 1.0952
2461218.4219783 -2.07446 0.01685 -0.0003276 1.0953
2461218.4220565 -2.13238 0.02072 -0.0003276 1.0954
2461218.4221344 -2.26496 0.02023 -0.0003276 1.0955
2461218.4223724 -1.85988 0.01537 -0.0003276 1.0958
2461218.4224498 -1.97409 0.01655 -0.0003276 1.0959
2461218.4226051 -1.94415 0.01642 -0.0003276 1.0962
2461218.4227669 99.99999 9.99999 -0.0003276 1.0964
2461218.4229237 99.99999 9.99999 -0.0003277 1.0966
2461218.4230007 -1.94498 0.01717 -0.0003277 1.0967
2461218.4230789 -1.95380 0.01558 -0.0003277 1.0968
2461218.4233172 99.99999 9.99999 -0.0003277 1.0972
2461218.4233947 99.99999 9.99999 -0.0003277 1.0973
2461218.4234734 99.99999 9.99999 -0.0003277 1.0974
2461218.4237146 99.99999 9.99999 -0.0003277 1.0978
2461218.4237917 99.99999 9.99999 -0.0003277 1.0979
2461218.4240253 99.99999 9.99999 -0.0003277 1.0982
2461218.4244187 -2.50111 0.02233 -0.0003277 1.0988
2461218.4246592 99.99999 9.99999 -0.0003277 1.0992
2461218.4247360 -2.06671 0.01738 -0.0003277 1.0993
2461218.4248915 -1.94161 0.01712 -0.0003277 1.0995
2461218.4249692 -1.94656 0.01621 -0.0003277 1.0996
2461218.4251394 99.99999 9.99999 -0.0003277 1.0999
2461218.4253726 -2.10424 0.01568 -0.0003277 1.1002
2461218.4254508 99.99999 9.99999 -0.0003277 1.1003
2461218.4256094 99.99999 9.99999 -0.0003277 1.1006
2461218.4256875 -2.09766 0.01729 -0.0003277 1.1007
2461218.4259199 -2.00611 0.01703 -0.0003277 1.1010
2461218.4260892 99.99999 9.99999 -0.0003278 1.1013
2461218.4261657 99.99999 9.99999 -0.0003278 1.1014
2461218.4262427 99.99999 9.99999 -0.0003278 1.1015
2461218.4263212 -2.20137 0.01640 -0.0003278 1.1016
2461218.4263983 99.99999 9.99999 -0.0003278 1.1017
2461218.4266461 99.99999 9.99999 -0.0003278 1.1021
2461218.4267234 -2.37636 0.01963 -0.0003278 1.1022
2461218.4268008 -2.21679 0.01727 -0.0003278 1.1023
2461218.4268795 -2.06187 0.02065 -0.0003278 1.1025
2461218.4270413 99.99999 9.99999 -0.0003278 1.1027
2461218.4278208 -1.95177 0.01635 -0.0003278 1.1039
2461218.4280645 -2.03011 0.01571 -0.0003278 1.1042
2461218.4282198 99.99999 9.99999 -0.0003278 1.1045
2461218.4282968 -2.34221 0.01884 -0.0003278 1.1046
2461218.4285410 99.99999 9.99999 -0.0003278 1.1050
2461218.4287755 -2.23183 0.01906 -0.0003278 1.1053
2461218.4289325 99.99999 9.99999 -0.0003278 1.1056
2461218.4290104 99.99999 9.99999 -0.0003278 1.1057
2461218.4290886 99.99999 9.99999 -0.0003278 1.1058
2461218.4291660 -2.08319 0.01826 -0.0003278 1.1059
2461218.4292449 -2.00309 0.01620 -0.0003278 1.1061
2461218.4294867 99.99999 9.99999 -0.0003279 1.1064
2461218.4304424 99.99999 9.99999 -0.0003279 1.1079
2461218.4305968 -2.16996 0.01854 -0.0003279 1.1081
2461218.4306749 99.99999 9.99999 -0.0003279 1.1083
2461218.4308370 99.99999 9.99999 -0.0003279 1.1085
2461218.4309942 99.99999 9.99999 -0.0003279 1.1088
2461218.4313139 -2.28174 0.01865 -0.0003279 1.1093
2461218.4313908 -2.37196 0.01974 -0.0003279 1.1094
2461218.4314679 99.99999 9.99999 -0.0003279 1.1095
2461218.4318651 -2.13819 0.01686 -0.0003279 1.1101
2461218.4322670 99.99999 9.99999 -0.0003279 1.1108
2461218.4324218 99.99999 9.99999 -0.0003279 1.1110
2461218.4328155 -2.24820 0.01883 -0.0003280 1.1116
2461218.4328937 -1.77180 0.01624 -0.0003280 1.1118
2461218.4329709 99.99999 9.99999 -0.0003280 1.1119
2461218.4330495 -2.20099 0.01689 -0.0003280 1.1120
2461218.4336858 99.99999 9.99999 -0.0003280 1.1130
2461218.4337633 -2.49068 0.01932 -0.0003280 1.1132
2461218.4338403 99.99999 9.99999 -0.0003280 1.1133
2461218.4339968 99.99999 9.99999 -0.0003280 1.1135
2461218.4341568 -2.21684 0.01971 -0.0003280 1.1138
2461218.4342350 99.99999 9.99999 -0.0003280 1.1139
2461218.4343134 -2.35668 0.01976 -0.0003280 1.1140
2461218.4343904 -2.52576 0.01926 -0.0003280 1.1142
2461218.4344689 -2.10721 0.01793 -0.0003280 1.1143
2461218.4346302 -2.10037 0.01733 -0.0003280 1.1146
2461218.4349411 99.99999 9.99999 -0.0003280 1.1151
2461218.4352611 99.99999 9.99999 -0.0003280 1.1156
2461218.4353395 99.99999 9.99999 -0.0003280 1.1157
2461218.4354168 99.99999 9.99999 -0.0003280 1.1158
2461218.4356468 99.99999 9.99999 -0.0003280 1.1162
2461218.4358022 99.99999 9.99999 -0.0003280 1.1165
2461218.4358801 99.99999 9.99999 -0.0003280 1.1166
2461218.4359579 -2.13652 0.01760 -0.0003281 1.1167
2461218.4361943 99.99999 9.99999 -0.0003281 1.1171
2461218.4364262 99.99999 9.99999 -0.0003281 1.1175
2461218.4365891 99.99999 9.99999 -0.0003281 1.1178
2461218.4366656 99.99999 9.99999 -0.0003281 1.1179
2461218.4367441 -2.07511 0.01558 -0.0003281 1.1180
2461218.4368214 -2.10593 0.01632 -0.0003281 1.1182
2461218.4368997 99.99999 9.99999 -0.0003281 1.1183
2461218.4370606 99.99999 9.99999 -0.0003281 1.1186
2461218.4372149 99.99999 9.99999 -0.0003281 1.1188
2461218.4372918 99.99999 9.99999 -0.0003281 1.1189
2461218.4373708 -2.47999 0.01985 -0.0003281 1.1191
2461218.4375445 -2.29451 0.01864 -0.0003281 1.1194
2461218.4376228 -2.33489 0.01801 -0.0003281 1.1195
2461218.4377015 -2.34371 0.01713 -0.0003281 1.1196
2461218.4377785 99.99999 9.99999 -0.0003281 1.1197
2461218.4378573 -2.14460 0.01568 -0.0003281 1.1199
2461218.4381717 99.99999 9.99999 -0.0003281 1.1204
2461218.4384908 -2.39346 0.01961 -0.0003281 1.1209
2461218.4386470 -2.06683 0.01528 -0.0003281 1.1212
2461218.4387244 99.99999 9.99999 -0.0003281 1.1213
2461218.4388024 99.99999 9.99999 -0.0003281 1.1215
2461218.4389600 -2.28575 0.01630 -0.0003281 1.1217
2461218.4391905 99.99999 9.99999 -0.0003281 1.1221
2461218.4392682 -2.25714 0.01848 -0.0003282 1.1223
2461218.4394338 99.99999 9.99999 -0.0003282 1.1225
2461218.4395119 99.99999 9.99999 -0.0003282 1.1227
2461218.4395896 -2.47312 0.01896 -0.0003282 1.1228
2461218.4396669 99.99999 9.99999 -0.0003282 1.1229
2461218.4397453 -2.53686 0.01844 -0.0003282 1.1231
2461218.4398906 99.99999 9.99999 -0.0003282 1.1233
2461218.4399689 -2.46148 0.01805 -0.0003282 1.1234
2461218.4400461 99.99999 9.99999 -0.0003282 1.1236
2461218.4401229 99.99999 9.99999 -0.0003282 1.1237
2461218.4402000 99.99999 9.99999 -0.0003282 1.1238
2461218.4403690 -2.37700 0.01741 -0.0003282 1.1241
2461218.4405229 -2.38223 0.01952 -0.0003282 1.1244
2461218.4406006 99.99999 9.99999 -0.0003282 1.1245
2461218.4410759 -2.55718 0.02098 -0.0003282 1.1253
2461218.4413182 99.99999 9.99999 -0.0003282 1.1258
2461218.4414760 99.99999 9.99999 -0.0003282 1.1260
2461218.4415530 -2.26347 0.01806 -0.0003282 1.1262
2461218.4416310 99.99999 9.99999 -0.0003282 1.1263
2461218.4417929 99.99999 9.99999 -0.0003282 1.1266
2461218.4419473 99.99999 9.99999 -0.0003282 1.1269
2461218.4421039 99.99999 9.99999 -0.0003282 1.1271
2461218.4423421 99.99999 9.99999 -0.0003282 1.1275
2461218.4424971 99.99999 9.99999 -0.0003282 1.1278
2461218.4425753 -2.45557 0.02079 -0.0003283 1.1280
2461218.4428928 99.99999 9.99999 -0.0003283 1.1285
2461218.4429694 -2.28100 0.01637 -0.0003283 1.1286
2461218.4431243 99.99999 9.99999 -0.0003283 1.1289
2461218.4433726 99.99999 9.99999 -0.0003283 1.1293
2461218.4436042 99.99999 9.99999 -0.0003283 1.1298
2461218.4439253 99.99999 9.99999 -0.0003283 1.1303
2461218.4442493 99.99999 9.99999 -0.0003283 1.1309
2461218.4443268 99.99999 9.99999 -0.0003283 1.1310
2461218.4444037 99.99999 9.99999 -0.0003283 1.1312
2461218.4444815 99.99999 9.99999 -0.0003283 1.1313
2461218.4445607 99.99999 9.99999 -0.0003283 1.1315
2461218.4447946 -2.62321 0.02063 -0.0003283 1.1319
2461218.4448725 99.99999 9.99999 -0.0003283 1.1320
2461218.4453454 -2.30967 0.01733 -0.0003283 1.1329
2461218.4458243 99.99999 9.99999 -0.0003284 1.1337
2461218.4462236 -2.23004 0.01702 -0.0003284 1.1344
2461218.4463008 99.99999 9.99999 -0.0003284 1.1346
2461218.4463785 -2.30572 0.01825 -0.0003284 1.1347
2461218.4465338 99.99999 9.99999 -0.0003284 1.1350
2461218.4467809 99.99999 9.99999 -0.0003284 1.1354
2461218.4469373 -2.43724 0.01795 -0.0003284 1.1357
2461218.4472573 -2.72189 0.02179 -0.0003284 1.1363
2461218.4474875 99.99999 9.99999 -0.0003284 1.1367
2461218.4476554 99.99999 9.99999 -0.0003284 1.1370
2461218.4479670 99.99999 9.99999 -0.0003284 1.1376
2461218.4481324 -2.51613 0.02122 -0.0003284 1.1379
2461218.4482097 99.99999 9.99999 -0.0003284 1.1381
2461218.4482868 99.99999 9.99999 -0.0003284 1.1382
2461218.4486842 -2.44161 0.01725 -0.0003284 1.1389
2461218.4487622 99.99999 9.99999 -0.0003284 1.1391
2461218.4490792 99.99999 9.99999 -0.0003284 1.1397
2461218.4495550 -2.24032 0.01499 -0.0003285 1.1405
2461218.4496327 -2.34986 0.01712 -0.0003285 1.1407
2461218.4497103 99.99999 9.99999 -0.0003285 1.1408
2461218.4497887 99.99999 9.99999 -0.0003285 1.1410
2461218.4498657 -2.28787 0.01550 -0.0003285 1.1411
2461218.4500321 99.99999 9.99999 -0.0003285 1.1414
2461218.4501862 -2.41764 0.01768 -0.0003285 1.1417
2461218.4502631 99.99999 9.99999 -0.0003285 1.1419
2461218.4503409 99.99999 9.99999 -0.0003285 1.1420
2461218.4505803 -2.29419 0.01480 -0.0003285 1.1425
2461218.4509771 -2.70062 0.01853 -0.0003285 1.1432
2461218.4510547 99.99999 9.99999 -0.0003285 1.1434
2461218.4512101 -2.01375 0.01742 -0.0003285 1.1436
2461218.4514552 99.99999 9.99999 -0.0003285 1.1441
2461218.4519816 99.99999 9.99999 -0.0003285 1.1451
2461218.4520586 99.99999 9.99999 -0.0003285 1.1453
2461218.4522140 -2.56352 0.01961 -0.0003285 1.1456
2461218.4523771 -2.43681 0.01757 -0.0003285 1.1459
2461218.4524541 -2.32811 0.01583 -0.0003286 1.1460
2461218.4528476 99.99999 9.99999 -0.0003286 1.1468
2461218.4529252 -2.48818 0.01936 -0.0003286 1.1469
2461218.4530031 99.99999 9.99999 -0.0003286 1.1471
2461218.4530802 -2.38293 0.01750 -0.0003286 1.1472
2461218.4534005 99.99999 9.99999 -0.0003286 1.1478
2461218.4537991 -2.35184 0.01600 -0.0003286 1.1486
2461218.4538773 99.99999 9.99999 -0.0003286 1.1487
2461218.4540316 -2.28669 0.01559 -0.0003286 1.1490
2461218.4541106 -2.35577 0.01722 -0.0003286 1.1492
2461218.4544278 99.99999 9.99999 -0.0003286 1.1498
2461218.4545047 99.99999 9.99999 -0.0003286 1.1500
2461218.4549865 -2.35720 0.01752 -0.0003286 1.1509
2461218.4550638 -2.42608 0.01732 -0.0003286 1.1510
2461218.4552240 -2.40353 0.01729 -0.0003286 1.1514
2461218.4553012 99.99999 9.99999 -0.0003286 1.1515
2461218.4553790 99.99999 9.99999 -0.0003286 1.1517
2461218.4554580 99.99999 9.99999 -0.0003286 1.1518
2461218.4557803 99.99999 9.99999 -0.0003287 1.1525
2461218.4558573 99.99999 9.99999 -0.0003287 1.1526
2461218.4559355 99.99999 9.99999 -0.0003287 1.1528
2461218.4561871 -2.19955 0.01658 -0.0003287 1.1533
2461218.4562657 -2.15445 0.01655 -0.0003287 1.1534
2461218.4564210 99.99999 9.99999 -0.0003287 1.1537
2461218.4564985 99.99999 9.99999 -0.0003287 1.1539
2461218.4567436 99.99999 9.99999 -0.0003287 1.1544
2461218.4568209 -2.26687 0.01587 -0.0003287 1.1545
2461218.4569757 -2.58072 0.01927 -0.0003287 1.1548
2461218.4572157 99.99999 9.99999 -0.0003287 1.1553
2461218.4572935 99.99999 9.99999 -0.0003287 1.1554
2461218.4577741 99.99999 9.99999 -0.0003287 1.1564
2461218.4578519 -2.37575 0.01578 -0.0003287 1.1566
2461218.4580923 -2.44572 0.01543 -0.0003287 1.1570
2461218.4582483 -2.53891 0.01691 -0.0003287 1.1574
2461218.4585646 -2.50240 0.01529 -0.0003287 1.1580
2461218.4586432 -2.45747 0.01574 -0.0003287 1.1581
2461218.4587993 -2.44577 0.01702 -0.0003287 1.1585
2461218.4588779 -2.36618 0.01474 -0.0003287 1.1586
2461218.4590517 99.99999 9.99999 -0.0003288 1.1590
2461218.4591293 99.99999 9.99999 -0.0003288 1.1591
2461218.4592071 -2.44465 0.01670 -0.0003288 1.1593
2461218.4592844 99.99999 9.99999 -0.0003288 1.1594
2461218.4593638 99.99999 9.99999 -0.0003288 1.1596
2461218.4595281 -2.41100 0.01721 -0.0003288 1.1599
2461218.4596055 99.99999 9.99999 -0.0003288 1.1601
2461218.4596829 -2.49439 0.01760 -0.0003288 1.1602
2461218.4598383 -2.52601 0.01702 -0.0003288 1.1606
2461218.4600091 99.99999 9.99999 -0.0003288 1.1609
2461218.4600860 99.99999 9.99999 -0.0003288 1.1611
2461218.4602410 99.99999 9.99999 -0.0003288 1.1614
2461218.4603192 -2.37316 0.01656 -0.0003288 1.1615
2461218.4604792 99.99999 9.99999 -0.0003288 1.1619
2461218.4609510 -2.34717 0.01437 -0.0003288 1.1628
2461218.4611835 99.99999 9.99999 -0.0003288 1.1633
2461218.4612623 99.99999 9.99999 -0.0003288 1.1635
2461218.4614193 99.99999 9.99999 -0.0003288 1.1638
2461218.4614964 -2.72270 0.02143 -0.0003288 1.1640
2461218.4619661 99.99999 9.99999 -0.0003288 1.1649
2461218.4621216 99.99999 9.99999 -0.0003288 1.1652
2461218.4621998 99.99999 9.99999 -0.0003288 1.1654
2461218.4623610 -2.50779 0.02043 -0.0003289 1.1657
2461218.4625145 99.99999 9.99999 -0.0003289 1.1661
2461218.4625926 99.99999 9.99999 -0.0003289 1.1662
2461218.4626699 99.99999 9.99999 -0.0003289 1.1664
2461218.4629150 99.99999 9.99999 -0.0003289 1.1669
2461218.4630702 -2.31892 0.01596 -0.0003289 1.1672
2461218.4631495 99.99999 9.99999 -0.0003289 1.1674
2461218.4633101 99.99999 9.99999 -0.0003289 1.1677
2461218.4634671 -2.26201 0.01550 -0.0003289 1.1681
2461218.4635462 -2.28860 0.01569 -0.0003289 1.1682
2461218.4638725 -2.52428 0.02012 -0.0003289 1.1689
2461218.4639501 99.99999 9.99999 -0.0003289 1.1691
2461218.4642650 99.99999 9.99999 -0.0003289 1.1697
2461218.4643423 99.99999 9.99999 -0.0003289 1.1699
2461218.4644961 99.99999 9.99999 -0.0003289 1.1702
2461218.4648131 99.99999 9.99999 -0.0003289 1.1709
2461218.4648917 99.99999 9.99999 -0.0003289 1.1711
2461218.4649689 -2.50737 0.01746 -0.0003289 1.1712
2461218.4650480 99.99999 9.99999 -0.0003289 1.1714
2461218.4652850 99.99999 9.99999 -0.0003289 1.1719
2461218.4653619 99.99999 9.99999 -0.0003289 1.1721
2461218.4655185 99.99999 9.99999 -0.0003289 1.1724
2461218.4656921 -2.50684 0.01436 -0.0003290 1.1728
2461218.4657710 99.99999 9.99999 -0.0003290 1.1729
2461218.4658491 -2.67397 0.02081 -0.0003290 1.1731
2461218.4662414 -2.51333 0.01714 -0.0003290 1.1739
2461218.4663957 99.99999 9.99999 -0.0003290 1.1743
2461218.4664747 99.99999 9.99999 -0.0003290 1.1744
2461218.4666314 99.99999 9.99999 -0.0003290 1.1748
2461218.4673374 -2.38777 0.01758 -0.0003290 1.1763
2461218.4675782 99.99999 9.99999 -0.0003290 1.1768
2461218.4676549 99.99999 9.99999 -0.0003290 1.1770
2461218.4680136 99.99999 9.99999 -0.0003290 1.1778
2461218.4680898 -2.61289 0.01899 -0.0003290 1.1779
2461218.4683236 -2.31987 0.01550 -0.0003290 1.1784
2461218.4685569 99.99999 9.99999 -0.0003290 1.1789
2461218.4687896 -2.39359 0.01675 -0.0003290 1.1795
2461218.4690156 99.99999 9.99999 -0.0003291 1.1799
2461218.4690922 99.99999 9.99999 -0.0003291 1.1801
2461218.4691691 99.99999 9.99999 -0.0003291 1.1803
2461218.4694704 99.99999 9.99999 -0.0003291 1.1809
2461218.4695473 99.99999 9.99999 -0.0003291 1.1811
2461218.4696254 99.99999 9.99999 -0.0003291 1.1813
2461218.4698617 99.99999 9.99999 -0.0003291 1.1818
2461218.4700962 99.99999 9.99999 -0.0003291 1.1823
2461218.4701737 99.99999 9.99999 -0.0003291 1.1825
2461218.4703334 99.99999 9.99999 -0.0003291 1.1828
2461218.4704098 99.99999 9.99999 -0.0003291 1.1830
2461218.4704875 -2.55101 0.01739 -0.0003291 1.1832
2461218.4706433 99.99999 9.99999 -0.0003291 1.1835
2461218.4708100 99.99999 9.99999 -0.0003291 1.1839
2461218.4709645 99.99999 9.99999 -0.0003291 1.1843
2461218.4710418 99.99999 9.99999 -0.0003291 1.1844
2461218.4711202 99.99999 9.99999 -0.0003291 1.1846
2461218.4713550 99.99999 9.99999 -0.0003291 1.1851
2461218.4714336 -2.62896 0.01814 -0.0003291 1.1853
2461218.4717502 99.99999 9.99999 -0.0003291 1.1860
2461218.4719048 -2.53978 0.01824 -0.0003291 1.1864
2461218.4719819 99.99999 9.99999 -0.0003291 1.1865
2461218.4720595 99.99999 9.99999 -0.0003291 1.1867
2461218.4722175 -2.62366 0.01860 -0.0003292 1.1871
2461218.4723725 99.99999 9.99999 -0.0003292 1.1874
2461218.4724502 99.99999 9.99999 -0.0003292 1.1876
2461218.4730015 -2.50870 0.01548 -0.0003292 1.1888
2461218.4732388 -2.55671 0.01672 -0.0003292 1.1894
2461218.4733931 -2.40329 0.01556 -0.0003292 1.1897
2461218.4734711 -2.43284 0.01518 -0.0003292 1.1899
2461218.4741903 99.99999 9.99999 -0.0003292 1.1915
2461218.4742669 -2.45134 0.01550 -0.0003292 1.1917
2461218.4748715 99.99999 9.99999 -0.0003292 1.1931
2461218.4750186 99.99999 9.99999 -0.0003292 1.1934
2461218.4750966 99.99999 9.99999 -0.0003292 1.1936
2461218.4751743 99.99999 9.99999 -0.0003292 1.1938
2461218.4752521 99.99999 9.99999 -0.0003292 1.1940
2461218.4754953 99.99999 9.99999 -0.0003293 1.1945
2461218.4755735 99.99999 9.99999 -0.0003293 1.1947
2461218.4756531 99.99999 9.99999 -0.0003293 1.1949
2461218.4757298 99.99999 9.99999 -0.0003293 1.1951
2461218.4760444 99.99999 9.99999 -0.0003293 1.1958
2461218.4761989 -2.31748 0.01703 -0.0003293 1.1961
2461218.4762772 99.99999 9.99999 -0.0003293 1.1963
2461218.4766720 99.99999 9.99999 -0.0003293 1.1972
2461218.4767498 99.99999 9.99999 -0.0003293 1.1974
2461218.4769082 99.99999 9.99999 -0.0003293 1.1978
2461218.4771411 99.99999 9.99999 -0.0003293 1.1983
2461218.4773772 -2.37134 0.01519 -0.0003293 1.1989
2461218.4775354 99.99999 9.99999 -0.0003293 1.1993
2461218.4788251 -2.60428 0.02040 -0.0003294 1.2023
2461218.4792235 -2.60308 0.01660 -0.0003294 1.2032
2461218.4793780 99.99999 9.99999 -0.0003294 1.2036
2461218.4797763 -2.28767 0.01374 -0.0003294 1.2046
2461218.4798533 99.99999 9.99999 -0.0003294 1.2047
2461218.4800081 99.99999 9.99999 -0.0003294 1.2051
2461218.4802548 99.99999 9.99999 -0.0003294 1.2057
2461218.4803323 -2.48078 0.01622 -0.0003294 1.2059
2461218.4804098 -2.64482 0.01739 -0.0003294 1.2061
2461218.4804873 -2.34392 0.01542 -0.0003294 1.2063
2461218.4806566 -2.48284 0.01487 -0.0003294 1.2067
2461218.4807359 99.99999 9.99999 -0.0003294 1.2069
2461218.4811397 99.99999 9.99999 -0.0003294 1.2078
2461218.4812168 99.99999 9.99999 -0.0003294 1.2080
2461218.4812950 99.99999 9.99999 -0.0003294 1.2082
2461218.4813684 99.99999 9.99999 -0.0003294 1.2084
