JDHEL V-C s1 HELCOR AIRMASS
Aperture: 4, Filter: IRCUT, JD: heliocentric
2461218.3639136 -2.16792 0.02060 -0.0003259 1.0363
2461218.3639900 -2.13505 0.02246 -0.0003259 1.0363
2461218.3640669 -1.88025 0.01974 -0.0003259 1.0364
2461218.3642227 -2.04275 0.01873 -0.0003259 1.0365
2461218.3643788 99.99999 9.99999 -0.0003259 1.0366
2461218.3644564 -2.22799 0.02087 -0.0003259 1.0366
2461218.3645384 -2.23060 0.02167 -0.0003259 1.0367
2461218.3646172 -1.95632 0.01944 -0.0003259 1.0367
2461218.3646955 -1.90214 0.01868 -0.0003259 1.0368
2461218.3648577 -2.08583 0.01906 -0.0003259 1.0369
2461218.3649369 99.99999 9.99999 -0.0003259 1.0369
2461218.3650153 -1.91447 0.02002 -0.0003259 1.0370
2461218.3650926 99.99999 9.99999 -0.0003259 1.0370
2461218.3651705 99.99999 9.99999 -0.0003259 1.0371
2461218.3653407 -2.07914 0.01982 -0.0003259 1.0372
2461218.3654184 99.99999 9.99999 -0.0003259 1.0372
2461218.3654965 -2.17940 0.02113 -0.0003259 1.0373
2461218.3655739 -2.27759 0.02241 -0.0003259 1.0373
2461218.3656517 99.99999 9.99999 -0.0003259 1.0374
2461218.3658137 99.99999 9.99999 -0.0003259 1.0375
2461218.3658915 -2.08594 0.02018 -0.0003259 1.0375
2461218.3659702 99.99999 9.99999 -0.0003259 1.0376
2461218.3660470 99.99999 9.99999 -0.0003259 1.0376
2461218.3663629 -1.78813 0.01880 -0.0003259 1.0378
2461218.3664392 -2.07563 0.01863 -0.0003259 1.0379
2461218.3665174 -1.99728 0.01987 -0.0003259 1.0379
2461218.3665942 -2.04957 0.01917 -0.0003259 1.0380
2461218.3667655 -1.95410 0.01832 -0.0003259 1.0381
2461218.3668441 -1.95882 0.01878 -0.0003259 1.0381
2461218.3669213 -2.07625 0.01961 -0.0003260 1.0382
2461218.3669992 -1.84782 0.01721 -0.0003260 1.0382
2461218.3670766 99.99999 9.99999 -0.0003260 1.0383
2461218.3672398 -2.20335 0.01870 -0.0003260 1.0384
2461218.3673163 -2.26320 0.01986 -0.0003260 1.0385
2461218.3674715 -2.26874 0.01930 -0.0003260 1.0386
2461218.3675501 99.99999 9.99999 -0.0003260 1.0386
2461218.3677083 -1.98118 0.01805 -0.0003260 1.0387
2461218.3677861 -2.09344 0.01840 -0.0003260 1.0388
2461218.3678631 -1.91445 0.01811 -0.0003260 1.0388
2461218.3679402 99.99999 9.99999 -0.0003260 1.0389
2461218.3680191 -2.12796 0.01920 -0.0003260 1.0389
2461218.3681791 -2.04597 0.01815 -0.0003260 1.0390
2461218.3682580 -2.15847 0.01987 -0.0003260 1.0391
2461218.3683357 -2.14380 0.01981 -0.0003260 1.0391
2461218.3684133 -2.16660 0.01925 -0.0003260 1.0392
2461218.3684908 99.99999 9.99999 -0.0003260 1.0393
2461218.3686501 -1.94000 0.01772 -0.0003260 1.0394
2461218.3687268 -2.15354 0.01957 -0.0003260 1.0394
2461218.3688045 -2.18594 0.02253 -0.0003260 1.0395
2461218.3688829 -2.25248 0.02253 -0.0003260 1.0395
2461218.3689605 -2.30682 0.02303 -0.0003260 1.0396
2461218.3691249 -2.04953 0.01976 -0.0003260 1.0397
2461218.3692024 -2.22457 0.01963 -0.0003260 1.0397
2461218.3692792 -2.32861 0.02245 -0.0003260 1.0398
2461218.3693567 -2.10150 0.01905 -0.0003260 1.0398
2461218.3694358 -2.24100 0.01924 -0.0003260 1.0399
2461218.3695958 -2.15030 0.01823 -0.0003260 1.0400
2461218.3696749 -2.06269 0.01924 -0.0003260 1.0401
2461218.3697522 99.99999 9.99999 -0.0003260 1.0401
2461218.3698294 99.99999 9.99999 -0.0003260 1.0402
2461218.3699069 -2.10521 0.01870 -0.0003260 1.0402
2461218.3700655 -2.20160 0.01843 -0.0003260 1.0403
2461218.3701422 -1.96976 0.01631 -0.0003260 1.0404
2461218.3702190 -2.03611 0.01860 -0.0003261 1.0405
2461218.3702965 -2.04458 0.01863 -0.0003261 1.0405
2461218.3703736 -2.10645 0.01977 -0.0003261 1.0406
2461218.3705403 -1.94910 0.01608 -0.0003261 1.0407
2461218.3706175 -2.15582 0.02057 -0.0003261 1.0407
2461218.3706947 99.99999 9.99999 -0.0003261 1.0408
2461218.3707719 -1.99542 0.01748 -0.0003261 1.0408
2461218.3708509 -2.01652 0.01792 -0.0003261 1.0409
2461218.3710851 99.99999 9.99999 -0.0003261 1.0411
2461218.3711616 -2.02755 0.01703 -0.0003261 1.0411
2461218.3712399 99.99999 9.99999 -0.0003261 1.0412
2461218.3713169 -1.98398 0.01888 -0.0003261 1.0412
2461218.3714722 -2.03298 0.01814 -0.0003261 1.0413
2461218.3716273 -1.90817 0.01936 -0.0003261 1.0415
2461218.3717059 -2.14646 0.02056 -0.0003261 1.0415
2461218.3717827 99.99999 9.99999 -0.0003261 1.0416
2461218.3719561 99.99999 9.99999 -0.0003261 1.0417
2461218.3720336 -2.33399 0.02114 -0.0003261 1.0418
2461218.3721110 -2.07926 0.01905 -0.0003261 1.0418
2461218.3721891 -2.04195 0.01886 -0.0003261 1.0419
2461218.3722663 99.99999 9.99999 -0.0003261 1.0419
2461218.3724296 -2.05095 0.01802 -0.0003261 1.0420
2461218.3725857 -2.24435 0.02082 -0.0003261 1.0422
2461218.3727410 99.99999 9.99999 -0.0003261 1.0423
2461218.3729000 -2.19309 0.01811 -0.0003261 1.0424
2461218.3729776 99.99999 9.99999 -0.0003261 1.0424
2461218.3730557 -2.29199 0.02169 -0.0003261 1.0425
2461218.3731327 -2.22651 0.02117 -0.0003261 1.0426
2461218.3732104 -2.08146 0.02077 -0.0003261 1.0426
2461218.3733728 -2.39561 0.02239 -0.0003261 1.0427
2461218.3734498 99.99999 9.99999 -0.0003261 1.0428
2461218.3735269 -2.25708 0.01964 -0.0003262 1.0429
2461218.3736044 -2.18857 0.01959 -0.0003262 1.0429
2461218.3736816 -2.13077 0.01890 -0.0003262 1.0430
2461218.3738484 99.99999 9.99999 -0.0003262 1.0431
2461218.3739260 -1.99696 0.02064 -0.0003262 1.0432
2461218.3740031 -2.10069 0.02083 -0.0003262 1.0432
2461218.3740803 -1.86915 0.01731 -0.0003262 1.0433
2461218.3741593 -2.01370 0.01819 -0.0003262 1.0433
2461218.3743168 -1.99762 0.01903 -0.0003262 1.0434
2461218.3743946 99.99999 9.99999 -0.0003262 1.0435
2461218.3744729 99.99999 9.99999 -0.0003262 1.0436
2461218.3745494 -2.14196 0.01789 -0.0003262 1.0436
2461218.3746277 99.99999 9.99999 -0.0003262 1.0437
2461218.3747858 -2.14168 0.01846 -0.0003262 1.0438
2461218.3748629 -2.05265 0.01919 -0.0003262 1.0439
2461218.3749410 99.99999 9.99999 -0.0003262 1.0439
2461218.3750181 -2.17723 0.01936 -0.0003262 1.0440
2461218.3752547 99.99999 9.99999 -0.0003262 1.0442
2461218.3754265 -2.02596 0.01919 -0.0003262 1.0443
2461218.3755043 99.99999 9.99999 -0.0003262 1.0444
2461218.3755825 99.99999 9.99999 -0.0003262 1.0444
2461218.3756594 -1.99570 0.01800 -0.0003262 1.0445
2461218.3759095 -2.03808 0.01710 -0.0003262 1.0447
2461218.3759865 99.99999 9.99999 -0.0003262 1.0447
2461218.3760632 -2.14438 0.01865 -0.0003262 1.0448
2461218.3761403 99.99999 9.99999 -0.0003262 1.0449
2461218.3763837 99.99999 9.99999 -0.0003262 1.0450
2461218.3765385 -2.16004 0.01776 -0.0003262 1.0452
2461218.3766157 -2.31859 0.01996 -0.0003262 1.0452
2461218.3767836 99.99999 9.99999 -0.0003263 1.0454
2461218.3768606 99.99999 9.99999 -0.0003263 1.0454
2461218.3769384 99.99999 9.99999 -0.0003263 1.0455
2461218.3770156 99.99999 9.99999 -0.0003263 1.0455
2461218.3770955 -2.10581 0.01725 -0.0003263 1.0456
2461218.3772516 -2.10815 0.01680 -0.0003263 1.0457
2461218.3773289 -2.04138 0.01705 -0.0003263 1.0458
2461218.3774060 -2.00448 0.01859 -0.0003263 1.0459
2461218.3774830 99.99999 9.99999 -0.0003263 1.0459
2461218.3775605 99.99999 9.99999 -0.0003263 1.0460
2461218.3777251 -2.02353 0.01557 -0.0003263 1.0461
2461218.3778027 99.99999 9.99999 -0.0003263 1.0462
2461218.3779576 -2.00971 0.01796 -0.0003263 1.0463
2461218.3780350 -2.23652 0.01892 -0.0003263 1.0464
2461218.3782019 -2.52284 0.01776 -0.0003263 1.0465
2461218.3782787 99.99999 9.99999 -0.0003263 1.0466
2461218.3783563 99.99999 9.99999 -0.0003263 1.0466
2461218.3784333 -2.17421 0.01717 -0.0003263 1.0467
2461218.3785116 99.99999 9.99999 -0.0003263 1.0468
2461218.3786714 -2.15744 0.01706 -0.0003263 1.0469
2461218.3787501 -2.14590 0.01779 -0.0003263 1.0469
2461218.3788278 99.99999 9.99999 -0.0003263 1.0470
2461218.3789050 99.99999 9.99999 -0.0003263 1.0471
2461218.3789832 -2.16853 0.02038 -0.0003263 1.0471
2461218.3791448 99.99999 9.99999 -0.0003263 1.0473
2461218.3792218 99.99999 9.99999 -0.0003263 1.0473
2461218.3793772 -2.03408 0.01686 -0.0003263 1.0475
2461218.3794541 99.99999 9.99999 -0.0003263 1.0475
2461218.3796215 99.99999 9.99999 -0.0003263 1.0477
2461218.3796982 -2.03274 0.01763 -0.0003263 1.0477
2461218.3797761 -2.30786 0.02019 -0.0003263 1.0478
2461218.3799314 99.99999 9.99999 -0.0003263 1.0479
2461218.3800941 99.99999 9.99999 -0.0003264 1.0481
2461218.3801725 -2.27942 0.01914 -0.0003264 1.0481
2461218.3802504 -2.15053 0.01774 -0.0003264 1.0482
2461218.3803275 -2.29632 0.01993 -0.0003264 1.0483
2461218.3804055 -2.30442 0.02093 -0.0003264 1.0483
2461218.3805661 99.99999 9.99999 -0.0003264 1.0485
2461218.3806429 99.99999 9.99999 -0.0003264 1.0485
2461218.3807204 -2.16998 0.01791 -0.0003264 1.0486
2461218.3807983 99.99999 9.99999 -0.0003264 1.0486
2461218.3808754 -2.23997 0.01800 -0.0003264 1.0487
2461218.3810440 -2.03750 0.01855 -0.0003264 1.0489
2461218.3811220 -2.29741 0.01979 -0.0003264 1.0489
2461218.3811988 -2.11614 0.01797 -0.0003264 1.0490
2461218.3812765 -2.26231 0.02023 -0.0003264 1.0491
2461218.3813548 99.99999 9.99999 -0.0003264 1.0491
2461218.3815131 -2.33688 0.01868 -0.0003264 1.0493
2461218.3816675 99.99999 9.99999 -0.0003264 1.0494
2461218.3817446 99.99999 9.99999 -0.0003264 1.0495
2461218.3818219 99.99999 9.99999 -0.0003264 1.0495
2461218.3819865 99.99999 9.99999 -0.0003264 1.0497
2461218.3820628 -2.06596 0.01910 -0.0003264 1.0497
2461218.3821402 -2.18497 0.01678 -0.0003264 1.0498
2461218.3822178 -1.99871 0.01709 -0.0003264 1.0499
2461218.3822951 99.99999 9.99999 -0.0003264 1.0499
2461218.3824641 -2.22375 0.01703 -0.0003264 1.0501
2461218.3826188 -2.04464 0.01677 -0.0003264 1.0502
2461218.3826962 -2.36789 0.02014 -0.0003264 1.0503
2461218.3827743 99.99999 9.99999 -0.0003264 1.0503
2461218.3829373 99.99999 9.99999 -0.0003264 1.0505
2461218.3830157 99.99999 9.99999 -0.0003264 1.0506
2461218.3830927 99.99999 9.99999 -0.0003264 1.0506
2461218.3831700 -2.07710 0.01644 -0.0003264 1.0507
2461218.3832474 -1.82707 0.01601 -0.0003264 1.0508
2461218.3834876 99.99999 9.99999 -0.0003265 1.0510
2461218.3835653 -2.09057 0.01723 -0.0003265 1.0510
2461218.3836425 -2.09366 0.01563 -0.0003265 1.0511
2461218.3837202 -2.10034 0.01775 -0.0003265 1.0512
2461218.3839562 -2.16837 0.01827 -0.0003265 1.0514
2461218.3840332 99.99999 9.99999 -0.0003265 1.0515
2461218.3841107 99.99999 9.99999 -0.0003265 1.0515
2461218.3841891 99.99999 9.99999 -0.0003265 1.0516
2461218.3843441 -2.29337 0.01829 -0.0003265 1.0517
2461218.3844215 99.99999 9.99999 -0.0003265 1.0518
2461218.3844989 99.99999 9.99999 -0.0003265 1.0519
2461218.3845758 99.99999 9.99999 -0.0003265 1.0519
2461218.3846534 -2.23433 0.01846 -0.0003265 1.0520
2461218.3848932 99.99999 9.99999 -0.0003265 1.0522
2461218.3849714 -2.17047 0.01716 -0.0003265 1.0523
2461218.3850488 -2.20490 0.01757 -0.0003265 1.0524
2461218.3851274 99.99999 9.99999 -0.0003265 1.0524
2461218.3852862 -1.94864 0.01641 -0.0003265 1.0526
2461218.3855371 -2.18420 0.01763 -0.0003265 1.0528
2461218.3856154 -2.09326 0.01892 -0.0003265 1.0529
2461218.3856933 99.99999 9.99999 -0.0003265 1.0530
2461218.3860191 99.99999 9.99999 -0.0003265 1.0532
2461218.3860954 99.99999 9.99999 -0.0003265 1.0533
2461218.3861728 99.99999 9.99999 -0.0003265 1.0534
2461218.3863374 99.99999 9.99999 -0.0003265 1.0535
2461218.3864158 99.99999 9.99999 -0.0003265 1.0536
2461218.3864941 -2.17069 0.01967 -0.0003265 1.0537
2461218.3865716 99.99999 9.99999 -0.0003265 1.0538
2461218.3866499 -2.02287 0.02013 -0.0003266 1.0538
2461218.3869619 99.99999 9.99999 -0.0003266 1.0541
2461218.3870393 -2.05838 0.01717 -0.0003266 1.0542
2461218.3871170 -2.11002 0.01854 -0.0003266 1.0543
2461218.3873631 -2.25610 0.01973 -0.0003266 1.0545
2461218.3874406 99.99999 9.99999 -0.0003266 1.0546
2461218.3875183 99.99999 9.99999 -0.0003266 1.0546
2461218.3875971 99.99999 9.99999 -0.0003266 1.0547
2461218.3878359 99.99999 9.99999 -0.0003266 1.0549
2461218.3879147 -2.22459 0.02058 -0.0003266 1.0550
2461218.3879923 99.99999 9.99999 -0.0003266 1.0551
2461218.3880698 99.99999 9.99999 -0.0003266 1.0552
2461218.3883066 99.99999 9.99999 -0.0003266 1.0554
2461218.3885396 -2.12512 0.01985 -0.0003266 1.0556
2461218.3887039 99.99999 9.99999 -0.0003266 1.0558
2461218.3887811 99.99999 9.99999 -0.0003266 1.0558
2461218.3888594 -2.00937 0.01787 -0.0003266 1.0559
2461218.3889362 -2.07308 0.01893 -0.0003266 1.0560
2461218.3891765 99.99999 9.99999 -0.0003266 1.0562
2461218.3892545 -1.74022 0.01660 -0.0003266 1.0563
2461218.3894876 99.99999 9.99999 -0.0003266 1.0565
2461218.3896486 -1.83237 0.01824 -0.0003266 1.0567
2461218.3897250 -2.00327 0.01649 -0.0003266 1.0567
2461218.3898795 -1.81972 0.01755 -0.0003266 1.0569
2461218.3901259 -1.98025 0.01660 -0.0003267 1.0571
2461218.3902805 -2.26393 0.01931 -0.0003267 1.0573
2461218.3903580 99.99999 9.99999 -0.0003267 1.0574
2461218.3904375 -2.12560 0.01896 -0.0003267 1.0574
2461218.3907536 99.99999 9.99999 -0.0003267 1.0577
2461218.3909091 -2.07340 0.01622 -0.0003267 1.0579
2461218.3910703 -2.14230 0.02014 -0.0003267 1.0581
2461218.3911472 99.99999 9.99999 -0.0003267 1.0581
2461218.3912244 -2.05523 0.01703 -0.0003267 1.0582
2461218.3913026 -2.13131 0.01753 -0.0003267 1.0583
2461218.3913799 99.99999 9.99999 -0.0003267 1.0584
2461218.3915391 99.99999 9.99999 -0.0003267 1.0585
2461218.3916162 99.99999 9.99999 -0.0003267 1.0586
2461218.3916944 99.99999 9.99999 -0.0003267 1.0587
2461218.3920133 -2.07955 0.01881 -0.0003267 1.0590
2461218.3920910 99.99999 9.99999 -0.0003267 1.0591
2461218.3922469 99.99999 9.99999 -0.0003267 1.0592
2461218.3923260 99.99999 9.99999 -0.0003267 1.0593
2461218.3924823 99.99999 9.99999 -0.0003267 1.0595
2461218.3926378 99.99999 9.99999 -0.0003267 1.0596
2461218.3927937 -2.01749 0.01746 -0.0003267 1.0598
2461218.3929544 99.99999 9.99999 -0.0003267 1.0599
2461218.3930332 99.99999 9.99999 -0.0003267 1.0600
2461218.3931096 99.99999 9.99999 -0.0003267 1.0601
2461218.3931877 -2.26284 0.02159 -0.0003267 1.0602
2461218.3934244 -2.42535 0.02158 -0.0003268 1.0604
2461218.3935822 -2.10237 0.02028 -0.0003268 1.0606
2461218.3936594 -2.05107 0.01872 -0.0003268 1.0606
2461218.3937366 -2.28651 0.02117 -0.0003268 1.0607
2461218.3939058 99.99999 9.99999 -0.0003268 1.0609
2461218.3939845 99.99999 9.99999 -0.0003268 1.0610
2461218.3940629 99.99999 9.99999 -0.0003268 1.0611
2461218.3941402 99.99999 9.99999 -0.0003268 1.0611
2461218.3945326 -2.07571 0.02027 -0.0003268 1.0615
2461218.3946112 -2.23690 0.02257 -0.0003268 1.0616
2461218.3948555 -2.41460 0.02136 -0.0003268 1.0619
2461218.3949327 99.99999 9.99999 -0.0003268 1.0620
2461218.3953283 99.99999 9.99999 -0.0003268 1.0624
2461218.3954079 99.99999 9.99999 -0.0003268 1.0625
2461218.3954856 -2.07804 0.01836 -0.0003268 1.0625
2461218.3956414 99.99999 9.99999 -0.0003268 1.0627
2461218.3958747 -1.99903 0.01862 -0.0003268 1.0629
2461218.3960302 -1.95721 0.01874 -0.0003268 1.0631
2461218.3961080 -1.87139 0.01526 -0.0003268 1.0632
2461218.3963462 99.99999 9.99999 -0.0003268 1.0634
2461218.3964232 99.99999 9.99999 -0.0003268 1.0635
2461218.3965792 99.99999 9.99999 -0.0003269 1.0637
2461218.3967387 99.99999 9.99999 -0.0003269 1.0639
2461218.3969741 99.99999 9.99999 -0.0003269 1.0641
2461218.3970518 99.99999 9.99999 -0.0003269 1.0642
2461218.3972115 99.99999 9.99999 -0.0003269 1.0644
2461218.3973656 -1.78348 0.01663 -0.0003269 1.0645
2461218.3976890 99.99999 9.99999 -0.0003269 1.0649
2461218.3977664 99.99999 9.99999 -0.0003269 1.0650
2461218.3978436 -2.20413 0.02002 -0.0003269 1.0650
2461218.3979208 99.99999 9.99999 -0.0003269 1.0651
2461218.3979990 99.99999 9.99999 -0.0003269 1.0652
2461218.3984741 99.99999 9.99999 -0.0003269 1.0657
2461218.3986403 99.99999 9.99999 -0.0003269 1.0659
2461218.3987948 99.99999 9.99999 -0.0003269 1.0661
2461218.3988718 99.99999 9.99999 -0.0003269 1.0662
2461218.3989490 99.99999 9.99999 -0.0003269 1.0662
2461218.3991120 99.99999 9.99999 -0.0003269 1.0664
2461218.3992670 99.99999 9.99999 -0.0003269 1.0666
2461218.3993444 99.99999 9.99999 -0.0003269 1.0667
2461218.3994220 99.99999 9.99999 -0.0003269 1.0668
2461218.3996581 99.99999 9.99999 -0.0003269 1.0670
2461218.3997352 99.99999 9.99999 -0.0003269 1.0671
2461218.3998127 -2.20369 0.01981 -0.0003270 1.0672
2461218.4001315 99.99999 9.99999 -0.0003270 1.0676
2461218.4003636 -1.81785 0.01580 -0.0003270 1.0678
2461218.4006045 99.99999 9.99999 -0.0003270 1.0681
2461218.4006835 99.99999 9.99999 -0.0003270 1.0682
2461218.4008390 99.99999 9.99999 -0.0003270 1.0683
2461218.4010748 -1.97033 0.01926 -0.0003270 1.0686
2461218.4011522 99.99999 9.99999 -0.0003270 1.0687
2461218.4012297 99.99999 9.99999 -0.0003270 1.0688
2461218.4013083 99.99999 9.99999 -0.0003270 1.0689
2461218.4014701 99.99999 9.99999 -0.0003270 1.0691
2461218.4016264 99.99999 9.99999 -0.0003270 1.0692
2461218.4019424 -2.00565 0.01674 -0.0003270 1.0696
2461218.4020192 99.99999 9.99999 -0.0003270 1.0697
2461218.4021756 -1.97666 0.02153 -0.0003270 1.0699
2461218.4022529 -1.97216 0.02074 -0.0003270 1.0699
2461218.4024951 -1.98248 0.01774 -0.0003270 1.0702
2461218.4025733 99.99999 9.99999 -0.0003270 1.0703
2461218.4028888 -1.94427 0.01595 -0.0003270 1.0707
2461218.4029672 99.99999 9.99999 -0.0003270 1.0708
2461218.4031233 99.99999 9.99999 -0.0003271 1.0709
2461218.4033640 99.99999 9.99999 -0.0003271 1.0712
2461218.4034418 99.99999 9.99999 -0.0003271 1.0713
2461218.4036746 99.99999 9.99999 -0.0003271 1.0716
2461218.4038402 99.99999 9.99999 -0.0003271 1.0718
2461218.4039956 99.99999 9.99999 -0.0003271 1.0720
2461218.4043930 99.99999 9.99999 -0.0003271 1.0724
2461218.4044700 -2.21478 0.01912 -0.0003271 1.0725
2461218.4047899 -1.88384 0.02044 -0.0003271 1.0729
2461218.4048674 99.99999 9.99999 -0.0003271 1.0730
2461218.4049461 99.99999 9.99999 -0.0003271 1.0731
2461218.4050229 -2.09619 0.02109 -0.0003271 1.0732
2461218.4051021 99.99999 9.99999 -0.0003271 1.0733
2461218.4052614 -1.79627 0.01782 -0.0003271 1.0734
2461218.4053386 99.99999 9.99999 -0.0003271 1.0735
2461218.4054926 99.99999 9.99999 -0.0003271 1.0737
2461218.4055699 99.99999 9.99999 -0.0003271 1.0738
2461218.4057376 -1.89969 0.01659 -0.0003271 1.0740
2461218.4059694 99.99999 9.99999 -0.0003271 1.0743
2461218.4060467 -2.29906 0.02107 -0.0003271 1.0744
2461218.4062153 99.99999 9.99999 -0.0003271 1.0746
2461218.4062927 -2.22195 0.02178 -0.0003271 1.0747
2461218.4064466 99.99999 9.99999 -0.0003272 1.0749
2461218.4065254 -1.88691 0.01916 -0.0003272 1.0749
2461218.4066852 99.99999 9.99999 -0.0003272 1.0751
2461218.4071589 99.99999 9.99999 -0.0003272 1.0757
2461218.4072364 -1.88583 0.02103 -0.0003272 1.0758
2461218.4073135 99.99999 9.99999 -0.0003272 1.0759
2461218.4074700 99.99999 9.99999 -0.0003272 1.0761
2461218.4076194 99.99999 9.99999 -0.0003272 1.0763
2461218.4076964 -1.74187 0.01678 -0.0003272 1.0764
2461218.4080930 99.99999 9.99999 -0.0003272 1.0769
2461218.4081704 99.99999 9.99999 -0.0003272 1.0769
2461218.4083255 99.99999 9.99999 -0.0003272 1.0771
2461218.4084048 -1.86972 0.02002 -0.0003272 1.0772
2461218.4085667 99.99999 9.99999 -0.0003272 1.0774
2461218.4090450 99.99999 9.99999 -0.0003272 1.0780
2461218.4091232 -1.99744 0.01721 -0.0003272 1.0781
2461218.4092005 99.99999 9.99999 -0.0003272 1.0782
2461218.4092789 -1.86737 0.01618 -0.0003272 1.0783
2461218.4093573 -1.86238 0.01703 -0.0003272 1.0784
2461218.4096773 99.99999 9.99999 -0.0003273 1.0788
2461218.4099953 99.99999 9.99999 -0.0003273 1.0792
2461218.4101524 -1.74387 0.01598 -0.0003273 1.0794
2461218.4103081 -2.09698 0.01887 -0.0003273 1.0796
2461218.4106243 99.99999 9.99999 -0.0003273 1.0800
2461218.4109455 99.99999 9.99999 -0.0003273 1.0804
2461218.4110236 99.99999 9.99999 -0.0003273 1.0805
2461218.4111788 -2.12184 0.02203 -0.0003273 1.0807
2461218.4112570 -1.91140 0.01739 -0.0003273 1.0808
2461218.4114192 -2.04742 0.01763 -0.0003273 1.0810
2461218.4115760 99.99999 9.99999 -0.0003273 1.0812
2461218.4116544 99.99999 9.99999 -0.0003273 1.0813
2461218.4118908 -1.86684 0.01617 -0.0003273 1.0816
2461218.4120448 99.99999 9.99999 -0.0003273 1.0818
2461218.4121228 99.99999 9.99999 -0.0003273 1.0819
2461218.4122000 99.99999 9.99999 -0.0003273 1.0820
2461218.4123680 99.99999 9.99999 -0.0003273 1.0822
2461218.4124451 99.99999 9.99999 -0.0003273 1.0823
2461218.4125228 99.99999 9.99999 -0.0003273 1.0824
2461218.4128377 99.99999 9.99999 -0.0003273 1.0828
2461218.4129151 99.99999 9.99999 -0.0003273 1.0829
2461218.4129935 -1.80434 0.01867 -0.0003274 1.0830
2461218.4130708 99.99999 9.99999 -0.0003274 1.0831
2461218.4133139 99.99999 9.99999 -0.0003274 1.0834
2461218.4133903 99.99999 9.99999 -0.0003274 1.0835
2461218.4138708 99.99999 9.99999 -0.0003274 1.0842
2461218.4140272 -1.96615 0.01786 -0.0003274 1.0844
2461218.4142618 -2.21151 0.02177 -0.0003274 1.0847
2461218.4143390 99.99999 9.99999 -0.0003274 1.0848
2461218.4144933 -1.97580 0.01792 -0.0003274 1.0850
2461218.4147344 -2.07496 0.01789 -0.0003274 1.0853
2461218.4148917 -2.03054 0.01929 -0.0003274 1.0855
2461218.4149695 99.99999 9.99999 -0.0003274 1.0856
2461218.4153734 99.99999 9.99999 -0.0003274 1.0862
2461218.4154504 99.99999 9.99999 -0.0003274 1.0863
2461218.4155293 -2.07638 0.02037 -0.0003274 1.0864
2461218.4156907 99.99999 9.99999 -0.0003274 1.0866
2461218.4157698 99.99999 9.99999 -0.0003274 1.0867
2461218.4158477 99.99999 9.99999 -0.0003274 1.0868
2461218.4159250 99.99999 9.99999 -0.0003274 1.0869
2461218.4161664 99.99999 9.99999 -0.0003274 1.0872
2461218.4162433 99.99999 9.99999 -0.0003275 1.0873
2461218.4163209 99.99999 9.99999 -0.0003275 1.0874
2461218.4164761 99.99999 9.99999 -0.0003275 1.0876
2461218.4166423 99.99999 9.99999 -0.0003275 1.0879
2461218.4171140 -1.89341 0.01955 -0.0003275 1.0885
2461218.4172704 -1.97052 0.01840 -0.0003275 1.0887
2461218.4174261 99.99999 9.99999 -0.0003275 1.0889
2461218.4177519 -2.00918 0.01612 -0.0003275 1.0894
2461218.4180693 99.99999 9.99999 -0.0003275 1.0898
2461218.4182257 99.99999 9.99999 -0.0003275 1.0900
2461218.4183024 99.99999 9.99999 -0.0003275 1.0901
2461218.4185010 -1.81143 0.01584 -0.0003275 1.0904
2461218.4187336 99.99999 9.99999 -0.0003275 1.0907
2461218.4188105 99.99999 9.99999 -0.0003275 1.0908
2461218.4189771 99.99999 9.99999 -0.0003275 1.0910
2461218.4190534 99.99999 9.99999 -0.0003275 1.0912
2461218.4191323 99.99999 9.99999 -0.0003275 1.0913
2461218.4192093 99.99999 9.99999 -0.0003275 1.0914
2461218.4192882 99.99999 9.99999 -0.0003275 1.0915
2461218.4195321 -1.95035 0.01649 -0.0003276 1.0918
2461218.4196120 99.99999 9.99999 -0.0003276 1.0919
2461218.4197686 -2.03999 0.01784 -0.0003276 1.0921
2461218.4199302 99.99999 9.99999 -0.0003276 1.0924
2461218.4200091 -1.86426 0.02047 -0.0003276 1.0925
2461218.4200873 99.99999 9.99999 -0.0003276 1.0926
2461218.4204004 99.99999 9.99999 -0.0003276 1.0930
2461218.4204773 -1.80822 0.01804 -0.0003276 1.0931
2461218.4206328 99.99999 9.99999 -0.0003276 1.0934
2461218.4207097 99.99999 9.99999 -0.0003276 1.0935
2461218.4208791 99.99999 9.99999 -0.0003276 1.0937
2461218.4209566 99.99999 9.99999 -0.0003276 1.0938
2461218.4211113 99.99999 9.99999 -0.0003276 1.0940
2461218.4213503 99.99999 9.99999 -0.0003276 1.0944
2461218.4214293 99.99999 9.99999 -0.0003276 1.0945
2461218.4215859 -1.90700 0.01637 -0.0003276 1.0947
2461218.4216633 99.99999 9.99999 -0.0003276 1.0948
2461218.4218238 99.99999 9.99999 -0.0003276 1.0950
2461218.4219009 99.99999 9.99999 -0.0003276 1.0952
2461218.4219783 -1.96136 0.01689 -0.0003276 1.0953
2461218.4220565 99.99999 9.99999 -0.0003276 1.0954
2461218.4221344 99.99999 9.99999 -0.0003276 1.0955
2461218.4223724 99.99999 9.99999 -0.0003276 1.0958
2461218.4224498 99.99999 9.99999 -0.0003276 1.0959
2461218.4226051 -1.73611 0.01654 -0.0003276 1.0962
2461218.4227669 -2.12507 0.02100 -0.0003276 1.0964
2461218.4229237 99.99999 9.99999 -0.0003277 1.0966
2461218.4230007 99.99999 9.99999 -0.0003277 1.0967
2461218.4230789 -1.85785 0.01562 -0.0003277 1.0968
2461218.4233172 -2.02505 0.01913 -0.0003277 1.0972
2461218.4233947 -2.13584 0.01806 -0.0003277 1.0973
2461218.4234734 -1.92473 0.01633 -0.0003277 1.0974
2461218.4237146 99.99999 9.99999 -0.0003277 1.0978
2461218.4237917 99.99999 9.99999 -0.0003277 1.0979
2461218.4240253 -1.87649 0.01783 -0.0003277 1.0982
2461218.4244187 99.99999 9.99999 -0.0003277 1.0988
2461218.4246592 99.99999 9.99999 -0.0003277 1.0992
2461218.4247360 -2.01960 0.01739 -0.0003277 1.0993
2461218.4248915 99.99999 9.99999 -0.0003277 1.0995
2461218.4249692 99.99999 9.99999 -0.0003277 1.0996
2461218.4251394 99.99999 9.99999 -0.0003277 1.0999
2461218.4253726 -1.70865 0.01587 -0.0003277 1.1002
2461218.4254508 -1.89147 0.01705 -0.0003277 1.1003
2461218.4256094 99.99999 9.99999 -0.0003277 1.1006
2461218.4256875 -1.99032 0.01732 -0.0003277 1.1007
2461218.4259199 -1.78065 0.01714 -0.0003277 1.1010
2461218.4260892 99.99999 9.99999 -0.0003278 1.1013
2461218.4261657 99.99999 9.99999 -0.0003278 1.1014
2461218.4262427 99.99999 9.99999 -0.0003278 1.1015
2461218.4263212 -1.71277 0.01664 -0.0003278 1.1016
2461218.4263983 99.99999 9.99999 -0.0003278 1.1017
2461218.4266461 99.99999 9.99999 -0.0003278 1.1021
2461218.4267234 -2.13746 0.01972 -0.0003278 1.1022
2461218.4268008 -1.81075 0.01743 -0.0003278 1.1023
2461218.4268795 99.99999 9.99999 -0.0003278 1.1025
2461218.4270413 99.99999 9.99999 -0.0003278 1.1027
2461218.4278208 99.99999 9.99999 -0.0003278 1.1039
2461218.4280645 -1.90405 0.01575 -0.0003278 1.1042
2461218.4282198 -2.32817 0.02207 -0.0003278 1.1045
2461218.4282968 -1.86978 0.01901 -0.0003278 1.1046
2461218.4285410 99.99999 9.99999 -0.0003278 1.1050
2461218.4287755 -1.82246 0.01927 -0.0003278 1.1053
2461218.4289325 -1.79399 0.01695 -0.0003278 1.1056
2461218.4290104 -1.79724 0.01734 -0.0003278 1.1057
2461218.4290886 -1.95904 0.01986 -0.0003278 1.1058
2461218.4291660 -1.88147 0.01833 -0.0003278 1.1059
2461218.4292449 -1.81262 0.01629 -0.0003278 1.1061
2461218.4294867 99.99999 9.99999 -0.0003279 1.1064
2461218.4304424 99.99999 9.99999 -0.0003279 1.1079
2461218.4305968 -1.79775 0.01871 -0.0003279 1.1081
2461218.4306749 -1.79336 0.02049 -0.0003279 1.1083
2461218.4308370 99.99999 9.99999 -0.0003279 1.1085
2461218.4309942 99.99999 9.99999 -0.0003279 1.1088
2461218.4313139 -1.79039 0.01885 -0.0003279 1.1093
2461218.4313908 -2.09423 0.01983 -0.0003279 1.1094
2461218.4314679 99.99999 9.99999 -0.0003279 1.1095
2461218.4318651 -1.81474 0.01699 -0.0003279 1.1101
2461218.4322670 99.99999 9.99999 -0.0003279 1.1108
2461218.4324218 99.99999 9.99999 -0.0003279 1.1110
2461218.4325783 99.99999 9.99999 -0.0003279 1.1113
2461218.4328155 99.99999 9.99999 -0.0003280 1.1116
2461218.4328937 99.99999 9.99999 -0.0003280 1.1118
2461218.4329709 -1.73821 0.01748 -0.0003280 1.1119
2461218.4330495 99.99999 9.99999 -0.0003280 1.1120
2461218.4336858 -1.88802 0.01672 -0.0003280 1.1130
2461218.4337633 -2.22603 0.01939 -0.0003280 1.1132
2461218.4338403 99.99999 9.99999 -0.0003280 1.1133
2461218.4339968 99.99999 9.99999 -0.0003280 1.1135
2461218.4341568 99.99999 9.99999 -0.0003280 1.1138
2461218.4342350 99.99999 9.99999 -0.0003280 1.1139
2461218.4343134 99.99999 9.99999 -0.0003280 1.1140
2461218.4343904 99.99999 9.99999 -0.0003280 1.1142
2461218.4344689 99.99999 9.99999 -0.0003280 1.1143
2461218.4346302 -1.76551 0.01749 -0.0003280 1.1146
2461218.4349411 99.99999 9.99999 -0.0003280 1.1151
2461218.4352611 99.99999 9.99999 -0.0003280 1.1156
2461218.4353395 99.99999 9.99999 -0.0003280 1.1157
2461218.4354168 99.99999 9.99999 -0.0003280 1.1158
2461218.4356468 99.99999 9.99999 -0.0003280 1.1162
2461218.4358022 99.99999 9.99999 -0.0003280 1.1165
2461218.4358801 99.99999 9.99999 -0.0003280 1.1166
2461218.4359579 -1.63945 0.01789 -0.0003281 1.1167
2461218.4361943 99.99999 9.99999 -0.0003281 1.1171
2461218.4362721 99.99999 9.99999 -0.0003281 1.1172
2461218.4364262 99.99999 9.99999 -0.0003281 1.1175
2461218.4365891 99.99999 9.99999 -0.0003281 1.1178
2461218.4366656 -2.05674 0.01815 -0.0003281 1.1179
2461218.4367441 99.99999 9.99999 -0.0003281 1.1180
2461218.4368214 99.99999 9.99999 -0.0003281 1.1182
2461218.4368997 99.99999 9.99999 -0.0003281 1.1183
2461218.4370606 99.99999 9.99999 -0.0003281 1.1186
2461218.4372149 99.99999 9.99999 -0.0003281 1.1188
2461218.4372918 99.99999 9.99999 -0.0003281 1.1189
2461218.4373708 99.99999 9.99999 -0.0003281 1.1191
2461218.4375445 -2.03885 0.01873 -0.0003281 1.1194
2461218.4376228 99.99999 9.99999 -0.0003281 1.1195
2461218.4377015 99.99999 9.99999 -0.0003281 1.1196
2461218.4377785 -1.96711 0.01598 -0.0003281 1.1197
2461218.4378573 -1.71524 0.01587 -0.0003281 1.1199
2461218.4381717 99.99999 9.99999 -0.0003281 1.1204
2461218.4384908 99.99999 9.99999 -0.0003281 1.1209
2461218.4386470 -1.78677 0.01541 -0.0003281 1.1212
2461218.4387244 -2.11346 0.01899 -0.0003281 1.1213
2461218.4388024 99.99999 9.99999 -0.0003281 1.1215
2461218.4389600 99.99999 9.99999 -0.0003281 1.1217
2461218.4391905 99.99999 9.99999 -0.0003281 1.1221
2461218.4392682 -1.99007 0.01858 -0.0003282 1.1223
2461218.4394338 99.99999 9.99999 -0.0003282 1.1225
2461218.4395119 99.99999 9.99999 -0.0003282 1.1227
2461218.4395896 99.99999 9.99999 -0.0003282 1.1228
2461218.4396669 99.99999 9.99999 -0.0003282 1.1229
2461218.4397453 -2.23493 0.01852 -0.0003282 1.1231
2461218.4398906 99.99999 9.99999 -0.0003282 1.1233
2461218.4399689 99.99999 9.99999 -0.0003282 1.1234
2461218.4400461 99.99999 9.99999 -0.0003282 1.1236
2461218.4401229 -1.78505 0.01523 -0.0003282 1.1237
2461218.4402000 99.99999 9.99999 -0.0003282 1.1238
2461218.4403690 -2.05772 0.01751 -0.0003282 1.1241
2461218.4405229 -1.97904 0.01966 -0.0003282 1.1244
2461218.4406006 99.99999 9.99999 -0.0003282 1.1245
2461218.4409988 99.99999 9.99999 -0.0003282 1.1252
2461218.4410759 99.99999 9.99999 -0.0003282 1.1253
2461218.4413182 -2.06374 0.01938 -0.0003282 1.1258
2461218.4413982 -1.69872 0.01673 -0.0003282 1.1259
2461218.4414760 99.99999 9.99999 -0.0003282 1.1260
2461218.4415530 -1.70600 0.01833 -0.0003282 1.1262
2461218.4416310 -1.70133 0.01555 -0.0003282 1.1263
2461218.4417929 -2.04108 0.01891 -0.0003282 1.1266
2461218.4419473 -1.95208 0.01778 -0.0003282 1.1269
2461218.4421039 -1.91506 0.01662 -0.0003282 1.1271
2461218.4423421 99.99999 9.99999 -0.0003282 1.1275
2461218.4424971 -1.65247 0.01546 -0.0003282 1.1278
2461218.4425753 99.99999 9.99999 -0.0003283 1.1280
2461218.4428928 99.99999 9.99999 -0.0003283 1.1285
2461218.4429694 -1.87533 0.01651 -0.0003283 1.1286
2461218.4431243 99.99999 9.99999 -0.0003283 1.1289
2461218.4433726 -2.27793 0.02313 -0.0003283 1.1293
2461218.4436042 99.99999 9.99999 -0.0003283 1.1298
2461218.4439253 99.99999 9.99999 -0.0003283 1.1303
2461218.4442493 99.99999 9.99999 -0.0003283 1.1309
2461218.4443268 99.99999 9.99999 -0.0003283 1.1310
2461218.4444037 99.99999 9.99999 -0.0003283 1.1312
2461218.4444815 99.99999 9.99999 -0.0003283 1.1313
2461218.4445607 99.99999 9.99999 -0.0003283 1.1315
2461218.4447946 -2.06397 0.02079 -0.0003283 1.1319
2461218.4448725 99.99999 9.99999 -0.0003283 1.1320
2461218.4453454 -1.81382 0.01752 -0.0003283 1.1329
2461218.4458243 99.99999 9.99999 -0.0003284 1.1337
2461218.4462236 -1.82567 0.01721 -0.0003284 1.1344
2461218.4463008 99.99999 9.99999 -0.0003284 1.1346
2461218.4463785 99.99999 9.99999 -0.0003284 1.1347
2461218.4465338 99.99999 9.99999 -0.0003284 1.1350
2461218.4467809 99.99999 9.99999 -0.0003284 1.1354
2461218.4469373 99.99999 9.99999 -0.0003284 1.1357
2461218.4472573 -2.25758 0.02189 -0.0003284 1.1363
2461218.4474875 99.99999 9.99999 -0.0003284 1.1367
2461218.4476554 -1.67745 0.01697 -0.0003284 1.1370
2461218.4479670 -1.96791 0.01978 -0.0003284 1.1376
2461218.4481324 99.99999 9.99999 -0.0003284 1.1379
2461218.4482097 -1.95985 0.01723 -0.0003284 1.1381
2461218.4482868 -1.94668 0.01802 -0.0003284 1.1382
2461218.4486842 -1.60056 0.01764 -0.0003284 1.1389
2461218.4487622 99.99999 9.99999 -0.0003284 1.1391
2461218.4490792 99.99999 9.99999 -0.0003284 1.1397
2461218.4495550 -1.52289 0.01533 -0.0003285 1.1405
2461218.4496327 -1.58875 0.01746 -0.0003285 1.1407
2461218.4497103 99.99999 9.99999 -0.0003285 1.1408
2461218.4497887 99.99999 9.99999 -0.0003285 1.1410
2461218.4498657 -1.65667 0.01580 -0.0003285 1.1411
2461218.4500321 99.99999 9.99999 -0.0003285 1.1414
2461218.4501091 99.99999 9.99999 -0.0003285 1.1416
2461218.4501862 -1.54086 0.01810 -0.0003285 1.1417
2461218.4502631 99.99999 9.99999 -0.0003285 1.1419
2461218.4503409 99.99999 9.99999 -0.0003285 1.1420
2461218.4505803 -1.67791 0.01504 -0.0003285 1.1425
2461218.4509771 99.99999 9.99999 -0.0003285 1.1432
2461218.4510547 99.99999 9.99999 -0.0003285 1.1434
2461218.4511319 99.99999 9.99999 -0.0003285 1.1435
2461218.4512101 99.99999 9.99999 -0.0003285 1.1436
2461218.4514552 -1.66463 0.01626 -0.0003285 1.1441
2461218.4519816 99.99999 9.99999 -0.0003285 1.1451
2461218.4520586 -1.70908 0.01733 -0.0003285 1.1453
2461218.4522140 -1.91882 0.01982 -0.0003285 1.1456
2461218.4523771 -1.94812 0.01773 -0.0003285 1.1459
2461218.4524541 99.99999 9.99999 -0.0003286 1.1460
2461218.4528476 99.99999 9.99999 -0.0003286 1.1468
2461218.4529252 -1.83208 0.01960 -0.0003286 1.1469
2461218.4530031 99.99999 9.99999 -0.0003286 1.1471
2461218.4530802 -1.78557 0.01773 -0.0003286 1.1472
2461218.4534005 -1.78331 0.01558 -0.0003286 1.1478
2461218.4537991 -1.72844 0.01623 -0.0003286 1.1486
2461218.4538773 99.99999 9.99999 -0.0003286 1.1487
2461218.4540316 -1.53605 0.01595 -0.0003286 1.1490
2461218.4541106 -1.65261 0.01750 -0.0003286 1.1492
2461218.4544278 99.99999 9.99999 -0.0003286 1.1498
2461218.4545047 99.99999 9.99999 -0.0003286 1.1500
2461218.4545816 99.99999 9.99999 -0.0003286 1.1501
2461218.4549865 99.99999 9.99999 -0.0003286 1.1509
2461218.4550638 -1.85684 0.01751 -0.0003286 1.1510
2461218.4552240 99.99999 9.99999 -0.0003286 1.1514
2461218.4553012 99.99999 9.99999 -0.0003286 1.1515
2461218.4553790 99.99999 9.99999 -0.0003286 1.1517
2461218.4554580 -1.92983 0.01635 -0.0003286 1.1518
2461218.4557803 99.99999 9.99999 -0.0003287 1.1525
2461218.4558573 99.99999 9.99999 -0.0003287 1.1526
2461218.4559355 99.99999 9.99999 -0.0003287 1.1528
2461218.4560135 99.99999 9.99999 -0.0003287 1.1529
2461218.4561871 99.99999 9.99999 -0.0003287 1.1533
2461218.4562657 99.99999 9.99999 -0.0003287 1.1534
2461218.4564210 -1.55628 0.01510 -0.0003287 1.1537
2461218.4564985 99.99999 9.99999 -0.0003287 1.1539
2461218.4567436 99.99999 9.99999 -0.0003287 1.1544
2461218.4568209 99.99999 9.99999 -0.0003287 1.1545
2461218.4569757 -1.92660 0.01950 -0.0003287 1.1548
2461218.4572157 -2.12996 0.02129 -0.0003287 1.1553
2461218.4572935 -1.87862 0.01715 -0.0003287 1.1554
2461218.4576966 99.99999 9.99999 -0.0003287 1.1562
2461218.4577741 99.99999 9.99999 -0.0003287 1.1564
2461218.4578519 99.99999 9.99999 -0.0003287 1.1566
2461218.4580923 -1.75919 0.01569 -0.0003287 1.1570
2461218.4582483 99.99999 9.99999 -0.0003287 1.1574
2461218.4585646 -1.62646 0.01560 -0.0003287 1.1580
2461218.4586432 99.99999 9.99999 -0.0003287 1.1581
2461218.4587993 99.99999 9.99999 -0.0003287 1.1585
2461218.4588779 -1.75499 0.01496 -0.0003287 1.1586
2461218.4590517 99.99999 9.99999 -0.0003288 1.1590
2461218.4591293 99.99999 9.99999 -0.0003288 1.1591
2461218.4592071 -1.76952 0.01694 -0.0003288 1.1593
2461218.4592844 -1.89847 0.01811 -0.0003288 1.1594
2461218.4593638 99.99999 9.99999 -0.0003288 1.1596
2461218.4595281 -1.72964 0.01747 -0.0003288 1.1599
2461218.4596055 99.99999 9.99999 -0.0003288 1.1601
2461218.4596829 -1.84261 0.01781 -0.0003288 1.1602
2461218.4598383 -1.91384 0.01721 -0.0003288 1.1606
2461218.4600091 99.99999 9.99999 -0.0003288 1.1609
2461218.4600860 99.99999 9.99999 -0.0003288 1.1611
2461218.4602410 99.99999 9.99999 -0.0003288 1.1614
2461218.4603192 99.99999 9.99999 -0.0003288 1.1615
2461218.4604792 99.99999 9.99999 -0.0003288 1.1619
2461218.4609510 99.99999 9.99999 -0.0003288 1.1628
2461218.4611835 99.99999 9.99999 -0.0003288 1.1633
2461218.4612623 99.99999 9.99999 -0.0003288 1.1635
2461218.4614193 99.99999 9.99999 -0.0003288 1.1638
2461218.4614964 -1.87813 0.02174 -0.0003288 1.1640
2461218.4619661 99.99999 9.99999 -0.0003288 1.1649
2461218.4621216 99.99999 9.99999 -0.0003288 1.1652
2461218.4621998 99.99999 9.99999 -0.0003288 1.1654
2461218.4623610 99.99999 9.99999 -0.0003289 1.1657
2461218.4625145 99.99999 9.99999 -0.0003289 1.1661
2461218.4625926 99.99999 9.99999 -0.0003289 1.1662
2461218.4626699 99.99999 9.99999 -0.0003289 1.1664
2461218.4629150 -1.73501 0.01835 -0.0003289 1.1669
2461218.4630702 -1.66020 0.01624 -0.0003289 1.1672
2461218.4631495 99.99999 9.99999 -0.0003289 1.1674
2461218.4633101 99.99999 9.99999 -0.0003289 1.1677
2461218.4634671 99.99999 9.99999 -0.0003289 1.1681
2461218.4635462 99.99999 9.99999 -0.0003289 1.1682
2461218.4638725 -1.61924 0.02054 -0.0003289 1.1689
2461218.4639501 99.99999 9.99999 -0.0003289 1.1691
2461218.4642650 99.99999 9.99999 -0.0003289 1.1697
2461218.4643423 99.99999 9.99999 -0.0003289 1.1699
2461218.4644961 99.99999 9.99999 -0.0003289 1.1702
2461218.4648131 99.99999 9.99999 -0.0003289 1.1709
2461218.4648917 99.99999 9.99999 -0.0003289 1.1711
2461218.4649689 99.99999 9.99999 -0.0003289 1.1712
2461218.4650480 99.99999 9.99999 -0.0003289 1.1714
2461218.4652850 99.99999 9.99999 -0.0003289 1.1719
2461218.4653619 99.99999 9.99999 -0.0003289 1.1721
2461218.4655185 99.99999 9.99999 -0.0003289 1.1724
2461218.4656921 -1.61375 0.01471 -0.0003290 1.1728
2461218.4657710 99.99999 9.99999 -0.0003290 1.1729
2461218.4658491 99.99999 9.99999 -0.0003290 1.1731
2461218.4659264 99.99999 9.99999 -0.0003290 1.1733
2461218.4662414 99.99999 9.99999 -0.0003290 1.1739
2461218.4663181 99.99999 9.99999 -0.0003290 1.1741
2461218.4663957 99.99999 9.99999 -0.0003290 1.1743
2461218.4664747 99.99999 9.99999 -0.0003290 1.1744
2461218.4666314 99.99999 9.99999 -0.0003290 1.1748
2461218.4673374 -1.52684 0.01803 -0.0003290 1.1763
2461218.4675782 99.99999 9.99999 -0.0003290 1.1768
2461218.4676549 99.99999 9.99999 -0.0003290 1.1770
2461218.4680136 99.99999 9.99999 -0.0003290 1.1778
2461218.4680898 -1.78360 0.01930 -0.0003290 1.1779
2461218.4682455 99.99999 9.99999 -0.0003290 1.1783
2461218.4683236 -1.61772 0.01580 -0.0003290 1.1784
2461218.4685569 -1.66520 0.02033 -0.0003290 1.1789
2461218.4687896 -1.61332 0.01709 -0.0003290 1.1795
2461218.4690156 99.99999 9.99999 -0.0003291 1.1799
2461218.4690922 99.99999 9.99999 -0.0003291 1.1801
2461218.4691691 99.99999 9.99999 -0.0003291 1.1803
2461218.4694704 99.99999 9.99999 -0.0003291 1.1809
2461218.4695473 -1.71059 0.02115 -0.0003291 1.1811
2461218.4696254 99.99999 9.99999 -0.0003291 1.1813
2461218.4698617 99.99999 9.99999 -0.0003291 1.1818
2461218.4700962 99.99999 9.99999 -0.0003291 1.1823
2461218.4701737 99.99999 9.99999 -0.0003291 1.1825
2461218.4703334 99.99999 9.99999 -0.0003291 1.1828
2461218.4704098 99.99999 9.99999 -0.0003291 1.1830
2461218.4704875 -1.55399 0.01784 -0.0003291 1.1832
2461218.4706433 99.99999 9.99999 -0.0003291 1.1835
2461218.4708100 99.99999 9.99999 -0.0003291 1.1839
2461218.4709645 99.99999 9.99999 -0.0003291 1.1843
2461218.4710418 99.99999 9.99999 -0.0003291 1.1844
2461218.4711202 -1.59608 0.01830 -0.0003291 1.1846
2461218.4713550 -1.57858 0.01521 -0.0003291 1.1851
2461218.4714336 -1.79279 0.01842 -0.0003291 1.1853
2461218.4715106 99.99999 9.99999 -0.0003291 1.1855
2461218.4717502 99.99999 9.99999 -0.0003291 1.1860
2461218.4719048 -1.79923 0.01851 -0.0003291 1.1864
2461218.4719819 99.99999 9.99999 -0.0003291 1.1865
2461218.4720595 -1.74325 0.01837 -0.0003291 1.1867
2461218.4722175 99.99999 9.99999 -0.0003292 1.1871
2461218.4723725 99.99999 9.99999 -0.0003292 1.1874
2461218.4724502 99.99999 9.99999 -0.0003292 1.1876
2461218.4730015 99.99999 9.99999 -0.0003292 1.1888
2461218.4732388 99.99999 9.99999 -0.0003292 1.1894
2461218.4733931 -1.63144 0.01589 -0.0003292 1.1897
2461218.4734711 -1.58373 0.01555 -0.0003292 1.1899
2461218.4741903 99.99999 9.99999 -0.0003292 1.1915
2461218.4742669 99.99999 9.99999 -0.0003292 1.1917
2461218.4748715 99.99999 9.99999 -0.0003292 1.1931
2461218.4750186 99.99999 9.99999 -0.0003292 1.1934
2461218.4750966 -1.85775 0.02139 -0.0003292 1.1936
2461218.4751743 99.99999 9.99999 -0.0003292 1.1938
2461218.4752521 99.99999 9.99999 -0.0003292 1.1940
2461218.4754953 99.99999 9.99999 -0.0003293 1.1945
2461218.4755735 99.99999 9.99999 -0.0003293 1.1947
2461218.4756531 99.99999 9.99999 -0.0003293 1.1949
2461218.4757298 99.99999 9.99999 -0.0003293 1.1951
2461218.4760444 99.99999 9.99999 -0.0003293 1.1958
2461218.4761989 99.99999 9.99999 -0.0003293 1.1961
2461218.4762772 -1.85228 0.01982 -0.0003293 1.1963
2461218.4765951 99.99999 9.99999 -0.0003293 1.1971
2461218.4766720 99.99999 9.99999 -0.0003293 1.1972
2461218.4767498 99.99999 9.99999 -0.0003293 1.1974
2461218.4769082 99.99999 9.99999 -0.0003293 1.1978
2461218.4771411 99.99999 9.99999 -0.0003293 1.1983
2461218.4773772 -1.42993 0.01568 -0.0003293 1.1989
2461218.4775354 99.99999 9.99999 -0.0003293 1.1993
2461218.4788251 99.99999 9.99999 -0.0003294 1.2023
2461218.4790576 99.99999 9.99999 -0.0003294 1.2029
2461218.4792235 -1.63068 0.01696 -0.0003294 1.2032
2461218.4793780 99.99999 9.99999 -0.0003294 1.2036
2461218.4797763 -1.53217 0.01406 -0.0003294 1.2046
2461218.4798533 99.99999 9.99999 -0.0003294 1.2047
2461218.4800081 99.99999 9.99999 -0.0003294 1.2051
2461218.4802548 99.99999 9.99999 -0.0003294 1.2057
2461218.4803323 -1.65249 0.01653 -0.0003294 1.2059
2461218.4804098 -1.59941 0.01783 -0.0003294 1.2061
2461218.4804873 99.99999 9.99999 -0.0003294 1.2063
2461218.4806566 99.99999 9.99999 -0.0003294 1.2067
2461218.4807359 99.99999 9.99999 -0.0003294 1.2069
2461218.4811397 -1.61489 0.01698 -0.0003294 1.2078
2461218.4812168 99.99999 9.99999 -0.0003294 1.2080
2461218.4812950 99.99999 9.99999 -0.0003294 1.2082
2461218.4813684 99.99999 9.99999 -0.0003294 1.2084
