JDHEL V-C s1 HELCOR AIRMASS
Aperture: 4, Filter: IRCUT, JD: heliocentric
2461219.3374152 -1.74038 0.09859 -0.0003589 1.0252
2461219.3374915 -1.69301 0.10175 -0.0003589 1.0252
2461219.3375681 99.99999 9.99999 -0.0003589 1.0253
2461219.3376447 -1.81915 0.11045 -0.0003589 1.0253
2461219.3377227 -1.91563 0.11914 -0.0003589 1.0253
2461219.3378653 99.99999 9.99999 -0.0003589 1.0254
2461219.3379444 -1.51083 0.09534 -0.0003589 1.0254
2461219.3380994 -1.72252 0.09945 -0.0003589 1.0254
2461219.3381765 99.99999 9.99999 -0.0003589 1.0255
2461219.3383479 -1.41601 0.09083 -0.0003589 1.0255
2461219.3384266 -1.47645 0.10005 -0.0003589 1.0255
2461219.3385037 -1.49507 0.10756 -0.0003589 1.0256
2461219.3385814 -1.52452 0.10131 -0.0003589 1.0256
2461219.3386586 99.99999 9.99999 -0.0003589 1.0256
2461219.3388300 -1.47296 0.09183 -0.0003590 1.0257
2461219.3389078 -1.44814 0.08880 -0.0003590 1.0257
2461219.3389844 -1.45637 0.09385 -0.0003590 1.0257
2461219.3393157 99.99999 9.99999 -0.0003590 1.0258
2461219.3393931 -1.71402 0.11955 -0.0003590 1.0259
2461219.3394701 99.99999 9.99999 -0.0003590 1.0259
2461219.3395474 -1.57829 0.10152 -0.0003590 1.0259
2461219.3396245 -1.65779 0.10464 -0.0003590 1.0260
2461219.3397924 -1.89033 0.09678 -0.0003590 1.0260
2461219.3398701 -1.71124 0.08279 -0.0003590 1.0260
2461219.3399469 -1.71056 0.08898 -0.0003590 1.0261
2461219.3400237 99.99999 9.99999 -0.0003590 1.0261
2461219.3401017 99.99999 9.99999 -0.0003590 1.0261
2461219.3402621 -1.64169 0.08797 -0.0003590 1.0262
2461219.3403402 99.99999 9.99999 -0.0003590 1.0262
2461219.3404187 99.99999 9.99999 -0.0003590 1.0262
2461219.3404958 -1.47523 0.08330 -0.0003590 1.0263
2461219.3405738 -1.45500 0.08754 -0.0003590 1.0263
2461219.3408113 99.99999 9.99999 -0.0003590 1.0264
2461219.3408891 -1.66583 0.08363 -0.0003590 1.0264
2461219.3409674 -1.66853 0.07837 -0.0003590 1.0264
2461219.3410452 -1.53365 0.08280 -0.0003590 1.0265
2461219.3412141 -1.77614 0.08871 -0.0003590 1.0265
2461219.3412917 99.99999 9.99999 -0.0003590 1.0266
2461219.3413685 -1.69173 0.09240 -0.0003590 1.0266
2461219.3414468 99.99999 9.99999 -0.0003590 1.0266
2461219.3416989 -1.97754 0.09893 -0.0003590 1.0267
2461219.3417770 99.99999 9.99999 -0.0003590 1.0267
2461219.3420092 -1.78770 0.07805 -0.0003591 1.0268
2461219.3421805 -1.57701 0.07028 -0.0003591 1.0269
2461219.3422580 -1.85348 0.08407 -0.0003591 1.0269
2461219.3424135 -1.71426 0.07701 -0.0003591 1.0270
2461219.3426627 -1.73881 0.06839 -0.0003591 1.0271
2461219.3427406 -1.56765 0.07657 -0.0003591 1.0271
2461219.3428171 99.99999 9.99999 -0.0003591 1.0271
2461219.3428948 -1.81265 0.07389 -0.0003591 1.0272
2461219.3429720 -1.71382 0.07365 -0.0003591 1.0272
2461219.3431449 -1.61680 0.06284 -0.0003591 1.0273
2461219.3432222 -1.52610 0.07157 -0.0003591 1.0273
2461219.3432995 -1.59522 0.07606 -0.0003591 1.0273
2461219.3433776 -1.57189 0.07632 -0.0003591 1.0274
2461219.3434553 99.99999 9.99999 -0.0003591 1.0274
2461219.3436279 -1.69407 0.06672 -0.0003591 1.0275
2461219.3437057 99.99999 9.99999 -0.0003591 1.0275
2461219.3437827 -1.64026 0.06904 -0.0003591 1.0275
2461219.3438606 -1.99077 0.07467 -0.0003591 1.0276
2461219.3439376 -1.81267 0.07320 -0.0003591 1.0276
2461219.3441081 -1.68072 0.07179 -0.0003591 1.0277
2461219.3441851 -1.68626 0.07282 -0.0003591 1.0277
2461219.3442622 -1.62277 0.06916 -0.0003591 1.0277
2461219.3443392 -1.56798 0.07015 -0.0003591 1.0277
2461219.3444168 -1.85994 0.07793 -0.0003591 1.0278
2461219.3445779 -1.85224 0.06834 -0.0003591 1.0278
2461219.3446560 -1.70250 0.07151 -0.0003591 1.0279
2461219.3447348 -1.89863 0.06982 -0.0003591 1.0279
2461219.3448114 -1.77278 0.08507 -0.0003591 1.0279
2461219.3448887 99.99999 9.99999 -0.0003591 1.0280
2461219.3450542 -1.94850 0.07804 -0.0003591 1.0280
2461219.3451321 -1.84270 0.07220 -0.0003591 1.0281
2461219.3452091 99.99999 9.99999 -0.0003591 1.0281
2461219.3452874 -1.79403 0.06805 -0.0003591 1.0281
2461219.3453648 -1.67201 0.07081 -0.0003592 1.0282
2461219.3455329 99.99999 9.99999 -0.0003592 1.0282
2461219.3456113 -1.47560 0.06353 -0.0003592 1.0283
2461219.3456890 -1.73876 0.06992 -0.0003592 1.0283
2461219.3458440 -1.37144 0.06017 -0.0003592 1.0284
2461219.3460068 -1.75746 0.07011 -0.0003592 1.0284
2461219.3460831 99.99999 9.99999 -0.0003592 1.0285
2461219.3461605 -1.86674 0.06483 -0.0003592 1.0285
2461219.3462380 99.99999 9.99999 -0.0003592 1.0285
2461219.3464809 -1.92859 0.06654 -0.0003592 1.0287
2461219.3465596 99.99999 9.99999 -0.0003592 1.0287
2461219.3466360 99.99999 9.99999 -0.0003592 1.0287
2461219.3467145 -1.57564 0.06532 -0.0003592 1.0288
2461219.3467914 -1.50719 0.05186 -0.0003592 1.0288
2461219.3470313 -1.80754 0.06225 -0.0003592 1.0289
2461219.3471078 -2.22173 0.07432 -0.0003592 1.0289
2461219.3471853 -2.12649 0.06982 -0.0003592 1.0290
2461219.3472626 99.99999 9.99999 -0.0003592 1.0290
2461219.3474367 99.99999 9.99999 -0.0003592 1.0291
2461219.3475154 99.99999 9.99999 -0.0003592 1.0291
2461219.3475922 -1.74442 0.05294 -0.0003592 1.0291
2461219.3476703 99.99999 9.99999 -0.0003592 1.0292
2461219.3477470 99.99999 9.99999 -0.0003592 1.0292
2461219.3479183 -1.91832 0.06030 -0.0003592 1.0293
2461219.3479965 99.99999 9.99999 -0.0003592 1.0293
2461219.3481520 99.99999 9.99999 -0.0003592 1.0294
2461219.3484035 -1.62517 0.04087 -0.0003592 1.0295
2461219.3484809 -1.80072 0.04309 -0.0003592 1.0296
2461219.3485574 -1.83539 0.04752 -0.0003592 1.0296
2461219.3486352 -1.86707 0.04773 -0.0003593 1.0296
2461219.3487125 -1.82618 0.05876 -0.0003593 1.0297
2461219.3488718 -1.75327 0.04910 -0.0003593 1.0297
2461219.3489500 -1.62556 0.04663 -0.0003593 1.0298
2461219.3490284 99.99999 9.99999 -0.0003593 1.0298
2461219.3491051 -1.79680 0.05366 -0.0003593 1.0298
2461219.3491832 -1.52388 0.04629 -0.0003593 1.0299
2461219.3493426 -1.66859 0.04453 -0.0003593 1.0300
2461219.3494192 99.99999 9.99999 -0.0003593 1.0300
2461219.3494959 -1.56003 0.03833 -0.0003593 1.0300
2461219.3495733 -1.72359 0.04710 -0.0003593 1.0301
2461219.3496514 -1.73484 0.04735 -0.0003593 1.0301
2461219.3498225 -1.73055 0.04129 -0.0003593 1.0302
2461219.3499001 -1.78376 0.04963 -0.0003593 1.0302
2461219.3499766 99.99999 9.99999 -0.0003593 1.0303
2461219.3500548 -1.62174 0.04335 -0.0003593 1.0303
2461219.3501321 99.99999 9.99999 -0.0003593 1.0303
2461219.3503074 99.99999 9.99999 -0.0003593 1.0304
2461219.3503854 -2.05491 0.05178 -0.0003593 1.0305
2461219.3504622 -1.75869 0.04811 -0.0003593 1.0305
2461219.3505409 -1.82599 0.05351 -0.0003593 1.0305
2461219.3506177 99.99999 9.99999 -0.0003593 1.0306
2461219.3507884 -1.68484 0.04372 -0.0003593 1.0307
2461219.3509435 99.99999 9.99999 -0.0003593 1.0307
2461219.3510213 99.99999 9.99999 -0.0003593 1.0308
2461219.3510996 -1.90377 0.04451 -0.0003593 1.0308
2461219.3512635 -1.66022 0.04231 -0.0003593 1.0309
2461219.3513408 99.99999 9.99999 -0.0003593 1.0309
2461219.3514185 -2.06728 0.05107 -0.0003593 1.0310
2461219.3515729 -1.83404 0.03967 -0.0003593 1.0310
2461219.3517384 -1.92502 0.04457 -0.0003593 1.0311
2461219.3518165 99.99999 9.99999 -0.0003593 1.0312
2461219.3520491 -1.59847 0.04029 -0.0003594 1.0313
2461219.3522211 -1.90078 0.04387 -0.0003594 1.0314
2461219.3522999 99.99999 9.99999 -0.0003594 1.0314
2461219.3523780 99.99999 9.99999 -0.0003594 1.0315
2461219.3524553 -1.68186 0.04380 -0.0003594 1.0315
2461219.3525334 -1.98580 0.04122 -0.0003594 1.0315
2461219.3526993 -1.72399 0.03912 -0.0003594 1.0316
2461219.3527766 99.99999 9.99999 -0.0003594 1.0317
2461219.3528536 -2.08487 0.04030 -0.0003594 1.0317
2461219.3529326 -1.85062 0.03865 -0.0003594 1.0317
2461219.3530094 -1.87564 0.03713 -0.0003594 1.0318
2461219.3531818 99.99999 9.99999 -0.0003594 1.0319
2461219.3532601 -1.58971 0.03221 -0.0003594 1.0319
2461219.3533374 99.99999 9.99999 -0.0003594 1.0320
2461219.3534154 -1.69942 0.03673 -0.0003594 1.0320
2461219.3534924 99.99999 9.99999 -0.0003594 1.0320
2461219.3536553 -1.96260 0.03528 -0.0003594 1.0321
2461219.3537327 -1.78144 0.03372 -0.0003594 1.0322
2461219.3538103 99.99999 9.99999 -0.0003594 1.0322
2461219.3538874 99.99999 9.99999 -0.0003594 1.0322
2461219.3539653 99.99999 9.99999 -0.0003594 1.0323
2461219.3541285 99.99999 9.99999 -0.0003594 1.0324
2461219.3542060 99.99999 9.99999 -0.0003594 1.0324
2461219.3543608 99.99999 9.99999 -0.0003594 1.0325
2461219.3544389 99.99999 9.99999 -0.0003594 1.0325
2461219.3546042 -1.52930 0.03089 -0.0003594 1.0326
2461219.3546803 -1.82052 0.03869 -0.0003594 1.0327
2461219.3547576 -1.48174 0.03047 -0.0003594 1.0327
2461219.3548359 -1.92658 0.03960 -0.0003594 1.0328
2461219.3549130 -1.76921 0.03406 -0.0003594 1.0328
2461219.3550788 -1.66011 0.03570 -0.0003594 1.0329
2461219.3551567 -1.62515 0.02849 -0.0003594 1.0329
2461219.3552336 99.99999 9.99999 -0.0003595 1.0330
2461219.3553118 99.99999 9.99999 -0.0003595 1.0330
2461219.3553888 -1.87254 0.03766 -0.0003595 1.0331
2461219.3555647 -2.11888 0.03856 -0.0003595 1.0332
2461219.3557979 99.99999 9.99999 -0.0003595 1.0333
2461219.3558746 99.99999 9.99999 -0.0003595 1.0333
2461219.3560450 -1.60222 0.02436 -0.0003595 1.0334
2461219.3561227 99.99999 9.99999 -0.0003595 1.0335
2461219.3563551 -1.76110 0.02927 -0.0003595 1.0336
2461219.3565151 -1.76067 0.02776 -0.0003595 1.0337
2461219.3565936 99.99999 9.99999 -0.0003595 1.0337
2461219.3566715 99.99999 9.99999 -0.0003595 1.0338
2461219.3567487 -1.86450 0.02844 -0.0003595 1.0338
2461219.3568265 -1.98561 0.02994 -0.0003595 1.0339
2461219.3569862 -1.56339 0.02618 -0.0003595 1.0340
2461219.3570636 99.99999 9.99999 -0.0003595 1.0340
2461219.3571409 99.99999 9.99999 -0.0003595 1.0340
2461219.3572192 99.99999 9.99999 -0.0003595 1.0341
2461219.3572961 99.99999 9.99999 -0.0003595 1.0341
2461219.3574631 99.99999 9.99999 -0.0003595 1.0342
2461219.3575402 99.99999 9.99999 -0.0003595 1.0343
2461219.3576171 99.99999 9.99999 -0.0003595 1.0343
2461219.3576943 99.99999 9.99999 -0.0003595 1.0344
2461219.3577738 99.99999 9.99999 -0.0003595 1.0344
2461219.3579456 99.99999 9.99999 -0.0003595 1.0345
2461219.3580236 -1.78391 0.03081 -0.0003595 1.0346
2461219.3581006 99.99999 9.99999 -0.0003595 1.0346
2461219.3581792 -1.52867 0.02875 -0.0003595 1.0346
2461219.3582573 -1.84945 0.03198 -0.0003595 1.0347
2461219.3584271 -1.98980 0.02911 -0.0003595 1.0348
2461219.3585816 99.99999 9.99999 -0.0003596 1.0349
2461219.3586587 -1.87699 0.02812 -0.0003596 1.0349
2461219.3587373 99.99999 9.99999 -0.0003596 1.0350
2461219.3589015 99.99999 9.99999 -0.0003596 1.0351
2461219.3589789 99.99999 9.99999 -0.0003596 1.0351
2461219.3590566 99.99999 9.99999 -0.0003596 1.0352
2461219.3592118 99.99999 9.99999 -0.0003596 1.0353
2461219.3594561 -1.87749 0.02924 -0.0003596 1.0354
2461219.3595346 -1.90058 0.02824 -0.0003596 1.0355
2461219.3596117 -1.92989 0.02859 -0.0003596 1.0355
2461219.3596889 99.99999 9.99999 -0.0003596 1.0356
2461219.3598600 -1.80936 0.02673 -0.0003596 1.0357
2461219.3600147 -1.61715 0.02843 -0.0003596 1.0357
2461219.3600922 -1.64587 0.02584 -0.0003596 1.0358
2461219.3601707 -1.85419 0.03086 -0.0003596 1.0358
2461219.3603322 -1.48567 0.02343 -0.0003596 1.0359
2461219.3604855 99.99999 9.99999 -0.0003596 1.0360
2461219.3605648 -1.89194 0.02841 -0.0003596 1.0361
2461219.3608849 -2.08578 0.02519 -0.0003596 1.0363
2461219.3609625 99.99999 9.99999 -0.0003596 1.0363
2461219.3612787 99.99999 9.99999 -0.0003596 1.0365
2461219.3613568 99.99999 9.99999 -0.0003596 1.0366
2461219.3614347 99.99999 9.99999 -0.0003596 1.0366
2461219.3615132 99.99999 9.99999 -0.0003596 1.0367
2461219.3615911 99.99999 9.99999 -0.0003596 1.0367
2461219.3617659 -2.05756 0.02998 -0.0003597 1.0368
2461219.3618433 99.99999 9.99999 -0.0003597 1.0369
2461219.3619200 -1.79041 0.02603 -0.0003597 1.0369
2461219.3619976 99.99999 9.99999 -0.0003597 1.0370
2461219.3620753 99.99999 9.99999 -0.0003597 1.0370
2461219.3622383 -2.04870 0.02476 -0.0003597 1.0371
2461219.3623151 99.99999 9.99999 -0.0003597 1.0372
2461219.3623923 99.99999 9.99999 -0.0003597 1.0372
2461219.3624697 -1.66984 0.02501 -0.0003597 1.0373
2461219.3627134 -1.99452 0.02805 -0.0003597 1.0374
2461219.3627916 99.99999 9.99999 -0.0003597 1.0375
2461219.3628698 99.99999 9.99999 -0.0003597 1.0375
2461219.3629471 -2.12621 0.02470 -0.0003597 1.0376
2461219.3630246 99.99999 9.99999 -0.0003597 1.0377
2461219.3631961 -1.84519 0.02464 -0.0003597 1.0378
2461219.3632734 99.99999 9.99999 -0.0003597 1.0378
2461219.3633506 99.99999 9.99999 -0.0003597 1.0379
2461219.3634276 -1.91248 0.02384 -0.0003597 1.0379
2461219.3635059 -1.69069 0.02285 -0.0003597 1.0380
2461219.3636644 99.99999 9.99999 -0.0003597 1.0381
2461219.3637408 -1.88253 0.02390 -0.0003597 1.0381
2461219.3638176 -1.88133 0.02257 -0.0003597 1.0382
2461219.3638960 -2.05879 0.02515 -0.0003597 1.0382
2461219.3639735 99.99999 9.99999 -0.0003597 1.0383
2461219.3641412 -1.88965 0.02256 -0.0003597 1.0384
2461219.3642184 -1.92414 0.02332 -0.0003597 1.0384
2461219.3642960 -1.41255 0.01941 -0.0003597 1.0385
2461219.3644528 99.99999 9.99999 -0.0003597 1.0386
2461219.3646148 99.99999 9.99999 -0.0003597 1.0387
2461219.3646930 -2.07452 0.02558 -0.0003597 1.0388
2461219.3647700 99.99999 9.99999 -0.0003597 1.0388
2461219.3648483 99.99999 9.99999 -0.0003597 1.0389
2461219.3649256 -2.00431 0.02331 -0.0003597 1.0389
2461219.3651729 -1.78466 0.02323 -0.0003598 1.0391
2461219.3652505 -1.71046 0.02325 -0.0003598 1.0391
2461219.3653276 99.99999 9.99999 -0.0003598 1.0392
2461219.3654064 99.99999 9.99999 -0.0003598 1.0392
2461219.3655677 -1.77364 0.02307 -0.0003598 1.0393
2461219.3656468 99.99999 9.99999 -0.0003598 1.0394
2461219.3657248 99.99999 9.99999 -0.0003598 1.0395
2461219.3658795 -1.65764 0.02030 -0.0003598 1.0396
2461219.3660413 -2.09339 0.02527 -0.0003598 1.0397
2461219.3661178 -1.92858 0.02219 -0.0003598 1.0397
2461219.3661950 -1.87488 0.02352 -0.0003598 1.0398
2461219.3663502 99.99999 9.99999 -0.0003598 1.0399
2461219.3665092 99.99999 9.99999 -0.0003598 1.0400
2461219.3666634 99.99999 9.99999 -0.0003598 1.0401
2461219.3667410 -1.76493 0.02462 -0.0003598 1.0402
2461219.3668183 -1.65426 0.02254 -0.0003598 1.0402
2461219.3669868 -2.05976 0.02778 -0.0003598 1.0403
2461219.3672975 -1.76702 0.02291 -0.0003598 1.0406
2461219.3674611 -2.00863 0.02314 -0.0003598 1.0407
2461219.3675381 -1.86667 0.02160 -0.0003598 1.0407
2461219.3676929 -1.65270 0.02263 -0.0003598 1.0408
2461219.3677701 -1.70114 0.02410 -0.0003598 1.0409
2461219.3679337 99.99999 9.99999 -0.0003598 1.0410
2461219.3680103 -1.82632 0.02423 -0.0003598 1.0411
2461219.3680884 -1.83981 0.02158 -0.0003598 1.0411
2461219.3681655 99.99999 9.99999 -0.0003598 1.0412
2461219.3682448 -1.81472 0.02021 -0.0003598 1.0412
2461219.3684074 99.99999 9.99999 -0.0003599 1.0413
2461219.3684846 -2.11795 0.02555 -0.0003599 1.0414
2461219.3685622 -1.68150 0.02145 -0.0003599 1.0415
2461219.3686392 -2.04849 0.02598 -0.0003599 1.0415
2461219.3687177 -1.80192 0.02346 -0.0003599 1.0416
2461219.3688818 99.99999 9.99999 -0.0003599 1.0417
2461219.3690374 -1.89824 0.02136 -0.0003599 1.0418
2461219.3691144 99.99999 9.99999 -0.0003599 1.0419
2461219.3693657 -1.60143 0.01837 -0.0003599 1.0420
2461219.3694426 99.99999 9.99999 -0.0003599 1.0421
2461219.3695199 -1.80409 0.02513 -0.0003599 1.0422
2461219.3696752 99.99999 9.99999 -0.0003599 1.0423
2461219.3698397 -1.82047 0.02168 -0.0003599 1.0424
2461219.3701529 -1.74256 0.02242 -0.0003599 1.0426
2461219.3703155 -1.90262 0.02299 -0.0003599 1.0427
2461219.3703917 -1.85996 0.02316 -0.0003599 1.0428
2461219.3704704 99.99999 9.99999 -0.0003599 1.0429
2461219.3705474 99.99999 9.99999 -0.0003599 1.0429
2461219.3706252 -1.97058 0.02389 -0.0003599 1.0430
2461219.3707879 -1.91891 0.01918 -0.0003599 1.0431
2461219.3709431 99.99999 9.99999 -0.0003599 1.0432
2461219.3710208 -1.88808 0.02143 -0.0003599 1.0433
2461219.3712627 99.99999 9.99999 -0.0003599 1.0435
2461219.3714166 99.99999 9.99999 -0.0003599 1.0436
2461219.3714953 -1.75468 0.02395 -0.0003599 1.0436
2461219.3715727 99.99999 9.99999 -0.0003599 1.0437
2461219.3717460 -2.13481 0.02325 -0.0003600 1.0438
2461219.3718240 99.99999 9.99999 -0.0003600 1.0439
2461219.3719007 99.99999 9.99999 -0.0003600 1.0439
2461219.3719780 99.99999 9.99999 -0.0003600 1.0440
2461219.3720559 99.99999 9.99999 -0.0003600 1.0441
2461219.3722180 99.99999 9.99999 -0.0003600 1.0442
2461219.3722964 99.99999 9.99999 -0.0003600 1.0443
2461219.3723741 -1.59766 0.02042 -0.0003600 1.0443
2461219.3724511 -2.04974 0.02314 -0.0003600 1.0444
2461219.3725288 -1.68835 0.01799 -0.0003600 1.0444
2461219.3726904 99.99999 9.99999 -0.0003600 1.0446
2461219.3727672 99.99999 9.99999 -0.0003600 1.0446
2461219.3728446 -2.11815 0.02309 -0.0003600 1.0447
2461219.3729224 99.99999 9.99999 -0.0003600 1.0447
2461219.3733196 99.99999 9.99999 -0.0003600 1.0451
2461219.3733969 99.99999 9.99999 -0.0003600 1.0451
2461219.3736347 -1.68948 0.01982 -0.0003600 1.0453
2461219.3737139 -2.19239 0.02568 -0.0003600 1.0454
2461219.3737916 -1.97275 0.02378 -0.0003600 1.0454
2461219.3738695 99.99999 9.99999 -0.0003600 1.0455
2461219.3739472 99.99999 9.99999 -0.0003600 1.0455
2461219.3741831 99.99999 9.99999 -0.0003600 1.0457
2461219.3742599 99.99999 9.99999 -0.0003600 1.0458
2461219.3743388 99.99999 9.99999 -0.0003600 1.0459
2461219.3744160 99.99999 9.99999 -0.0003600 1.0459
2461219.3746618 -1.92107 0.02239 -0.0003600 1.0461
2461219.3747389 -1.96071 0.02382 -0.0003600 1.0462
2461219.3748954 99.99999 9.99999 -0.0003600 1.0463
2461219.3750581 -1.97093 0.02079 -0.0003601 1.0464
2461219.3751356 99.99999 9.99999 -0.0003601 1.0465
2461219.3753677 99.99999 9.99999 -0.0003601 1.0467
2461219.3756832 -1.99472 0.02377 -0.0003601 1.0469
2461219.3760037 -1.99618 0.01949 -0.0003601 1.0472
2461219.3760811 -1.95522 0.02069 -0.0003601 1.0473
2461219.3762352 -1.78103 0.02318 -0.0003601 1.0474
2461219.3763150 99.99999 9.99999 -0.0003601 1.0475
2461219.3764739 99.99999 9.99999 -0.0003601 1.0476
2461219.3767852 -1.96373 0.02129 -0.0003601 1.0479
2461219.3770236 99.99999 9.99999 -0.0003601 1.0481
2461219.3770996 -2.09892 0.02176 -0.0003601 1.0481
2461219.3771765 -2.19174 0.02394 -0.0003601 1.0482
2461219.3774011 99.99999 9.99999 -0.0003601 1.0484
2461219.3774795 99.99999 9.99999 -0.0003601 1.0484
2461219.3775561 -2.01458 0.02185 -0.0003601 1.0485
2461219.3776341 99.99999 9.99999 -0.0003601 1.0486
2461219.3777111 99.99999 9.99999 -0.0003601 1.0486
2461219.3778719 99.99999 9.99999 -0.0003601 1.0488
2461219.3779490 99.99999 9.99999 -0.0003601 1.0488
2461219.3781046 99.99999 9.99999 -0.0003601 1.0490
2461219.3784745 -1.78016 0.02104 -0.0003602 1.0493
2461219.3785519 -1.87101 0.02048 -0.0003602 1.0494
2461219.3786298 99.99999 9.99999 -0.0003602 1.0494
2461219.3787933 -2.06377 0.02102 -0.0003602 1.0496
2461219.3789475 99.99999 9.99999 -0.0003602 1.0497
2461219.3791034 -1.98612 0.02289 -0.0003602 1.0498
2461219.3792607 -1.74239 0.01875 -0.0003602 1.0500
2461219.3793387 99.99999 9.99999 -0.0003602 1.0500
2461219.3794165 99.99999 9.99999 -0.0003602 1.0501
2461219.3794934 -1.83284 0.01907 -0.0003602 1.0502
2461219.3795715 99.99999 9.99999 -0.0003602 1.0502
2461219.3797337 -1.94098 0.01971 -0.0003602 1.0504
2461219.3798880 99.99999 9.99999 -0.0003602 1.0505
2461219.3799663 99.99999 9.99999 -0.0003602 1.0506
2461219.3802092 99.99999 9.99999 -0.0003602 1.0508
2461219.3802860 -2.09091 0.02189 -0.0003602 1.0509
2461219.3804409 -2.12037 0.02056 -0.0003602 1.0510
2461219.3806782 -2.08288 0.02032 -0.0003602 1.0512
2461219.3807558 99.99999 9.99999 -0.0003602 1.0513
2461219.3808332 -1.94146 0.02064 -0.0003602 1.0513
2461219.3809103 99.99999 9.99999 -0.0003602 1.0514
2461219.3809874 99.99999 9.99999 -0.0003602 1.0515
2461219.3811540 -2.11971 0.02009 -0.0003602 1.0516
2461219.3812305 99.99999 9.99999 -0.0003602 1.0517
2461219.3813079 99.99999 9.99999 -0.0003602 1.0518
2461219.3813871 99.99999 9.99999 -0.0003602 1.0518
2461219.3816308 -2.10304 0.02135 -0.0003603 1.0521
2461219.3817077 -2.00299 0.02081 -0.0003603 1.0521
2461219.3817845 99.99999 9.99999 -0.0003603 1.0522
2461219.3818622 -1.68768 0.01835 -0.0003603 1.0523
2461219.3819409 99.99999 9.99999 -0.0003603 1.0523
2461219.3820970 99.99999 9.99999 -0.0003603 1.0525
2461219.3821737 -1.97982 0.02099 -0.0003603 1.0525
2461219.3822516 99.99999 9.99999 -0.0003603 1.0526
2461219.3823284 99.99999 9.99999 -0.0003603 1.0527
2461219.3824056 99.99999 9.99999 -0.0003603 1.0528
2461219.3825731 -2.07005 0.02011 -0.0003603 1.0529
2461219.3826501 99.99999 9.99999 -0.0003603 1.0530
2461219.3827273 -2.11941 0.02095 -0.0003603 1.0531
2461219.3828051 99.99999 9.99999 -0.0003603 1.0531
2461219.3828821 -2.00823 0.02244 -0.0003603 1.0532
2461219.3830497 99.99999 9.99999 -0.0003603 1.0533
2461219.3831267 99.99999 9.99999 -0.0003603 1.0534
2461219.3832037 99.99999 9.99999 -0.0003603 1.0535
2461219.3832805 -2.13739 0.02224 -0.0003603 1.0536
2461219.3835205 99.99999 9.99999 -0.0003603 1.0538
2461219.3835988 -2.05686 0.01981 -0.0003603 1.0539
2461219.3836768 -1.93569 0.01991 -0.0003603 1.0539
2461219.3837538 -1.78390 0.01954 -0.0003603 1.0540
2461219.3839942 99.99999 9.99999 -0.0003603 1.0542
2461219.3840717 -2.32210 0.02374 -0.0003603 1.0543
2461219.3842269 99.99999 9.99999 -0.0003603 1.0544
2461219.3843040 99.99999 9.99999 -0.0003603 1.0545
2461219.3846241 -2.13012 0.02285 -0.0003603 1.0548
2461219.3847015 99.99999 9.99999 -0.0003603 1.0549
2461219.3847801 99.99999 9.99999 -0.0003603 1.0550
2461219.3850181 99.99999 9.99999 -0.0003604 1.0552
2461219.3858913 99.99999 9.99999 -0.0003604 1.0560
2461219.3859707 99.99999 9.99999 -0.0003604 1.0561
2461219.3861255 -2.32227 0.02552 -0.0003604 1.0562
2461219.3862024 -2.00943 0.01911 -0.0003604 1.0563
2461219.3864455 99.99999 9.99999 -0.0003604 1.0565
2461219.3865224 -2.15385 0.02503 -0.0003604 1.0566
2461219.3866778 99.99999 9.99999 -0.0003604 1.0568
2461219.3868438 99.99999 9.99999 -0.0003604 1.0569
2461219.3869202 -2.10625 0.02508 -0.0003604 1.0570
2461219.3869977 99.99999 9.99999 -0.0003604 1.0571
2461219.3873185 -1.94587 0.01737 -0.0003604 1.0574
2461219.3873961 99.99999 9.99999 -0.0003604 1.0575
2461219.3874731 99.99999 9.99999 -0.0003604 1.0575
2461219.3876292 99.99999 9.99999 -0.0003604 1.0577
2461219.3877894 99.99999 9.99999 -0.0003604 1.0579
2461219.3878676 -1.93795 0.01943 -0.0003604 1.0579
2461219.3879454 99.99999 9.99999 -0.0003604 1.0580
2461219.3880228 99.99999 9.99999 -0.0003604 1.0581
2461219.3881006 -2.14052 0.02381 -0.0003605 1.0582
2461219.3883380 -1.88075 0.01901 -0.0003605 1.0584
2461219.3884937 -1.85499 0.02058 -0.0003605 1.0585
2461219.3887370 -1.88560 0.02070 -0.0003605 1.0588
2461219.3888143 99.99999 9.99999 -0.0003605 1.0589
2461219.3888917 -2.08547 0.02096 -0.0003605 1.0589
2461219.3890482 99.99999 9.99999 -0.0003605 1.0591
2461219.3892217 -1.95952 0.01905 -0.0003605 1.0593
2461219.3893007 -1.99850 0.01873 -0.0003605 1.0594
2461219.3893778 -2.08343 0.02029 -0.0003605 1.0594
2461219.3895337 99.99999 9.99999 -0.0003605 1.0596
2461219.3897012 99.99999 9.99999 -0.0003605 1.0598
2461219.3897783 -2.34049 0.02328 -0.0003605 1.0598
2461219.3898560 -1.96014 0.01887 -0.0003605 1.0599
2461219.3899332 -1.93367 0.02241 -0.0003605 1.0600
2461219.3904033 -1.88493 0.01821 -0.0003605 1.0605
2461219.3904807 99.99999 9.99999 -0.0003605 1.0605
2461219.3906437 99.99999 9.99999 -0.0003605 1.0607
2461219.3907205 99.99999 9.99999 -0.0003605 1.0608
2461219.3907975 99.99999 9.99999 -0.0003605 1.0609
2461219.3908749 99.99999 9.99999 -0.0003605 1.0610
2461219.3909524 -1.79094 0.02011 -0.0003605 1.0610
2461219.3911149 99.99999 9.99999 -0.0003605 1.0612
2461219.3911931 -2.09012 0.01993 -0.0003605 1.0613
2461219.3913485 99.99999 9.99999 -0.0003605 1.0614
2461219.3914256 99.99999 9.99999 -0.0003606 1.0615
2461219.3915952 99.99999 9.99999 -0.0003606 1.0617
2461219.3917513 99.99999 9.99999 -0.0003606 1.0619
2461219.3918285 99.99999 9.99999 -0.0003606 1.0619
2461219.3921458 99.99999 9.99999 -0.0003606 1.0623
2461219.3922228 -2.09555 0.02035 -0.0003606 1.0623
2461219.3923795 99.99999 9.99999 -0.0003606 1.0625
2461219.3925365 -2.12009 0.02391 -0.0003606 1.0627
2461219.3926133 -2.28276 0.02499 -0.0003606 1.0628
2461219.3927669 -1.94096 0.02111 -0.0003606 1.0629
2461219.3928444 -2.19252 0.02344 -0.0003606 1.0630
2461219.3930085 99.99999 9.99999 -0.0003606 1.0632
2461219.3930850 99.99999 9.99999 -0.0003606 1.0633
2461219.3931633 99.99999 9.99999 -0.0003606 1.0633
2461219.3934815 -2.27296 0.02079 -0.0003606 1.0637
2461219.3935603 99.99999 9.99999 -0.0003606 1.0638
2461219.3937160 99.99999 9.99999 -0.0003606 1.0639
2461219.3937927 99.99999 9.99999 -0.0003606 1.0640
2461219.3939652 99.99999 9.99999 -0.0003606 1.0642
2461219.3940438 -1.94460 0.01933 -0.0003606 1.0643
2461219.3941208 -1.90175 0.01985 -0.0003606 1.0644
2461219.3944077 99.99999 9.99999 -0.0003606 1.0647
2461219.3944856 -2.00745 0.02104 -0.0003606 1.0647
2461219.3946415 99.99999 9.99999 -0.0003606 1.0649
2461219.3948788 99.99999 9.99999 -0.0003607 1.0652
2461219.3949556 99.99999 9.99999 -0.0003607 1.0653
2461219.3950330 99.99999 9.99999 -0.0003607 1.0653
2461219.3951101 99.99999 9.99999 -0.0003607 1.0654
2461219.3951881 99.99999 9.99999 -0.0003607 1.0655
2461219.3953488 -1.85766 0.01751 -0.0003607 1.0657
2461219.3954258 99.99999 9.99999 -0.0003607 1.0658
2461219.3955799 -2.03531 0.01912 -0.0003607 1.0659
2461219.3956571 99.99999 9.99999 -0.0003607 1.0660
2461219.3959002 99.99999 9.99999 -0.0003607 1.0663
2461219.3961338 -2.23219 0.01985 -0.0003607 1.0665
2461219.3962999 99.99999 9.99999 -0.0003607 1.0667
2461219.3963774 99.99999 9.99999 -0.0003607 1.0668
2461219.3964540 -1.79519 0.01786 -0.0003607 1.0669
2461219.3965314 -1.68256 0.01799 -0.0003607 1.0670
2461219.3966092 -2.26079 0.02183 -0.0003607 1.0671
2461219.3968497 99.99999 9.99999 -0.0003607 1.0673
2461219.3972587 99.99999 9.99999 -0.0003607 1.0678
2461219.3974129 99.99999 9.99999 -0.0003607 1.0680
2461219.3975691 99.99999 9.99999 -0.0003607 1.0681
2461219.3977289 99.99999 9.99999 -0.0003607 1.0683
2461219.3980401 99.99999 9.99999 -0.0003608 1.0687
2461219.3982796 -2.06098 0.02053 -0.0003608 1.0689
2461219.3985119 -2.06370 0.01990 -0.0003608 1.0692
2461219.3988298 99.99999 9.99999 -0.0003608 1.0696
2461219.3989069 99.99999 9.99999 -0.0003608 1.0696
2461219.3992219 -2.06887 0.02111 -0.0003608 1.0700
2461219.3994545 99.99999 9.99999 -0.0003608 1.0703
2461219.3996963 -2.08284 0.02025 -0.0003608 1.0705
2461219.3999287 -1.73041 0.01705 -0.0003608 1.0708
2461219.4000965 99.99999 9.99999 -0.0003608 1.0710
2461219.4001742 99.99999 9.99999 -0.0003608 1.0711
2461219.4002513 -1.85745 0.01951 -0.0003608 1.0712
2461219.4003287 -2.06407 0.01929 -0.0003608 1.0713
2461219.4004078 99.99999 9.99999 -0.0003608 1.0714
2461219.4005650 99.99999 9.99999 -0.0003608 1.0715
2461219.4006429 99.99999 9.99999 -0.0003608 1.0716
2461219.4007211 99.99999 9.99999 -0.0003608 1.0717
2461219.4007975 99.99999 9.99999 -0.0003608 1.0718
2461219.4008763 99.99999 9.99999 -0.0003608 1.0719
2461219.4010389 99.99999 9.99999 -0.0003608 1.0721
2461219.4011161 99.99999 9.99999 -0.0003608 1.0722
2461219.4011933 99.99999 9.99999 -0.0003608 1.0723
2461219.4012716 99.99999 9.99999 -0.0003609 1.0724
2461219.4013488 99.99999 9.99999 -0.0003609 1.0725
2461219.4017476 99.99999 9.99999 -0.0003609 1.0729
2461219.4018262 -2.11419 0.01951 -0.0003609 1.0730
2461219.4020519 99.99999 9.99999 -0.0003609 1.0733
2461219.4021288 99.99999 9.99999 -0.0003609 1.0734
2461219.4022067 99.99999 9.99999 -0.0003609 1.0735
2461219.4022839 -2.27041 0.02137 -0.0003609 1.0736
2461219.4024531 99.99999 9.99999 -0.0003609 1.0738
2461219.4025307 -2.19245 0.02125 -0.0003609 1.0739
2461219.4026860 -2.08717 0.01911 -0.0003609 1.0740
2461219.4027647 99.99999 9.99999 -0.0003609 1.0741
2461219.4030811 99.99999 9.99999 -0.0003609 1.0745
2461219.4031581 99.99999 9.99999 -0.0003609 1.0746
2461219.4033997 99.99999 9.99999 -0.0003609 1.0749
2461219.4034771 -2.03115 0.02070 -0.0003609 1.0750
2461219.4036321 99.99999 9.99999 -0.0003609 1.0752
2461219.4038700 99.99999 9.99999 -0.0003609 1.0755
2461219.4039471 99.99999 9.99999 -0.0003609 1.0756
2461219.4040240 99.99999 9.99999 -0.0003609 1.0757
2461219.4041814 -1.90499 0.02311 -0.0003609 1.0758
2461219.4044249 99.99999 9.99999 -0.0003609 1.0761
2461219.4045800 -2.25645 0.02072 -0.0003610 1.0763
2461219.4048260 99.99999 9.99999 -0.0003610 1.0766
2461219.4049031 -1.99411 0.02517 -0.0003610 1.0767
2461219.4050590 99.99999 9.99999 -0.0003610 1.0769
2461219.4051372 99.99999 9.99999 -0.0003610 1.0770
2461219.4052962 99.99999 9.99999 -0.0003610 1.0772
2461219.4053732 -1.90290 0.02198 -0.0003610 1.0773
2461219.4054510 99.99999 9.99999 -0.0003610 1.0774
2461219.4055280 99.99999 9.99999 -0.0003610 1.0775
2461219.4058497 99.99999 9.99999 -0.0003610 1.0779
2461219.4060052 99.99999 9.99999 -0.0003610 1.0781
2461219.4060832 99.99999 9.99999 -0.0003610 1.0782
2461219.4062410 -2.04072 0.02291 -0.0003610 1.0784
2461219.4064733 -2.37607 0.02629 -0.0003610 1.0787
2461219.4068715 -2.01279 0.01991 -0.0003610 1.0792
2461219.4072650 99.99999 9.99999 -0.0003610 1.0797
2461219.4074208 99.99999 9.99999 -0.0003610 1.0799
2461219.4074991 -2.08109 0.01960 -0.0003610 1.0800
2461219.4079825 99.99999 9.99999 -0.0003611 1.0806
2461219.4081426 99.99999 9.99999 -0.0003611 1.0808
2461219.4082213 99.99999 9.99999 -0.0003611 1.0809
2461219.4082990 99.99999 9.99999 -0.0003611 1.0810
2461219.4083762 99.99999 9.99999 -0.0003611 1.0811
2461219.4086157 99.99999 9.99999 -0.0003611 1.0814
2461219.4089254 99.99999 9.99999 -0.0003611 1.0818
2461219.4090923 -1.89403 0.01658 -0.0003611 1.0820
2461219.4091695 -1.88787 0.02127 -0.0003611 1.0821
2461219.4096198 99.99999 9.99999 -0.0003611 1.0827
2461219.4098529 99.99999 9.99999 -0.0003611 1.0830
2461219.4100154 99.99999 9.99999 -0.0003611 1.0832
2461219.4101703 99.99999 9.99999 -0.0003611 1.0834
2461219.4102477 -2.08127 0.02187 -0.0003611 1.0835
2461219.4103256 99.99999 9.99999 -0.0003611 1.0836
2461219.4104890 -2.13175 0.01863 -0.0003611 1.0838
2461219.4105671 99.99999 9.99999 -0.0003611 1.0839
2461219.4106448 99.99999 9.99999 -0.0003611 1.0840
2461219.4107226 99.99999 9.99999 -0.0003611 1.0841
2461219.4107996 99.99999 9.99999 -0.0003611 1.0842
2461219.4109667 -1.76101 0.01782 -0.0003611 1.0844
2461219.4111985 -2.06305 0.02037 -0.0003612 1.0847
2461219.4114384 99.99999 9.99999 -0.0003612 1.0850
2461219.4115161 99.99999 9.99999 -0.0003612 1.0851
2461219.4115947 99.99999 9.99999 -0.0003612 1.0852
2461219.4116724 -1.88134 0.02245 -0.0003612 1.0853
2461219.4117498 -2.15662 0.02074 -0.0003612 1.0854
2461219.4119846 99.99999 9.99999 -0.0003612 1.0858
2461219.4120613 -1.88747 0.02111 -0.0003612 1.0859
2461219.4123811 99.99999 9.99999 -0.0003612 1.0863
2461219.4126131 -1.77840 0.01895 -0.0003612 1.0866
2461219.4126919 99.99999 9.99999 -0.0003612 1.0867
2461219.4128552 -2.01092 0.02066 -0.0003612 1.0869
2461219.4130876 99.99999 9.99999 -0.0003612 1.0872
2461219.4131649 -1.96827 0.02005 -0.0003612 1.0873
2461219.4133330 99.99999 9.99999 -0.0003612 1.0876
2461219.4134118 99.99999 9.99999 -0.0003612 1.0877
2461219.4134896 -1.83441 0.01962 -0.0003612 1.0878
2461219.4136456 99.99999 9.99999 -0.0003612 1.0880
2461219.4138038 99.99999 9.99999 -0.0003612 1.0882
2461219.4139581 99.99999 9.99999 -0.0003612 1.0884
2461219.4140357 -1.91430 0.02246 -0.0003612 1.0885
2461219.4145141 99.99999 9.99999 -0.0003613 1.0892
2461219.4145924 -2.07398 0.02060 -0.0003613 1.0893
2461219.4149848 -1.94556 0.02359 -0.0003613 1.0898
2461219.4150640 -2.01902 0.02201 -0.0003613 1.0899
2461219.4155328 99.99999 9.99999 -0.0003613 1.0906
2461219.4157045 -2.09331 0.02174 -0.0003613 1.0908
2461219.4164181 99.99999 9.99999 -0.0003613 1.0918
2461219.4164969 99.99999 9.99999 -0.0003613 1.0919
2461219.4167345 -1.95269 0.02110 -0.0003613 1.0922
2461219.4168898 99.99999 9.99999 -0.0003613 1.0924
2461219.4171280 99.99999 9.99999 -0.0003613 1.0928
2461219.4172823 99.99999 9.99999 -0.0003613 1.0930
2461219.4173594 99.99999 9.99999 -0.0003613 1.0931
2461219.4176789 -1.81127 0.01717 -0.0003613 1.0936
2461219.4177557 99.99999 9.99999 -0.0003614 1.0937
2461219.4178340 99.99999 9.99999 -0.0003614 1.0938
2461219.4182359 -2.07515 0.02290 -0.0003614 1.0943
2461219.4183134 99.99999 9.99999 -0.0003614 1.0944
2461219.4187860 99.99999 9.99999 -0.0003614 1.0951
2461219.4188640 -2.02804 0.02305 -0.0003614 1.0952
2461219.4190257 99.99999 9.99999 -0.0003614 1.0955
2461219.4198136 -1.96666 0.02361 -0.0003614 1.0966
2461219.4205322 99.99999 9.99999 -0.0003614 1.0976
2461219.4206091 -2.17855 0.02181 -0.0003614 1.0978
2461219.4213954 99.99999 9.99999 -0.0003615 1.0989
2461219.4218645 99.99999 9.99999 -0.0003615 1.0996
2461219.4219426 99.99999 9.99999 -0.0003615 1.0997
2461219.4221755 99.99999 9.99999 -0.0003615 1.1000
2461219.4224135 99.99999 9.99999 -0.0003615 1.1004
2461219.4225680 99.99999 9.99999 -0.0003615 1.1006
2461219.4226462 -2.02887 0.01832 -0.0003615 1.1007
2461219.4228039 99.99999 9.99999 -0.0003615 1.1010
2461219.4229574 99.99999 9.99999 -0.0003615 1.1012
2461219.4231126 99.99999 9.99999 -0.0003615 1.1014
2461219.4232803 -1.92134 0.01597 -0.0003615 1.1017
2461219.4234348 99.99999 9.99999 -0.0003615 1.1019
2461219.4237518 99.99999 9.99999 -0.0003615 1.1024
2461219.4238289 -1.89042 0.01758 -0.0003615 1.1025
2461219.4239069 -1.97736 0.01876 -0.0003615 1.1026
2461219.4240608 99.99999 9.99999 -0.0003615 1.1029
2461219.4243002 99.99999 9.99999 -0.0003616 1.1032
2461219.4244546 99.99999 9.99999 -0.0003616 1.1035
2461219.4246944 99.99999 9.99999 -0.0003616 1.1038
2461219.4247712 99.99999 9.99999 -0.0003616 1.1039
2461219.4251720 99.99999 9.99999 -0.0003616 1.1045
2461219.4254826 -1.86380 0.01697 -0.0003616 1.1050
2461219.4256420 99.99999 9.99999 -0.0003616 1.1053
2461219.4257990 99.99999 9.99999 -0.0003616 1.1055
2461219.4258775 -1.93163 0.02552 -0.0003616 1.1056
2461219.4259547 -2.06577 0.01932 -0.0003616 1.1057
2461219.4261166 -2.02130 0.02289 -0.0003616 1.1060
2461219.4262703 99.99999 9.99999 -0.0003616 1.1062
2461219.4263483 99.99999 9.99999 -0.0003616 1.1064
2461219.4270572 99.99999 9.99999 -0.0003616 1.1075
2461219.4271342 -2.11393 0.02593 -0.0003616 1.1076
2461219.4276862 99.99999 9.99999 -0.0003617 1.1084
2461219.4277648 99.99999 9.99999 -0.0003617 1.1086
2461219.4278420 99.99999 9.99999 -0.0003617 1.1087
2461219.4280058 99.99999 9.99999 -0.0003617 1.1089
2461219.4281603 -2.21600 0.02658 -0.0003617 1.1092
2461219.4282385 99.99999 9.99999 -0.0003617 1.1093
2461219.4285544 99.99999 9.99999 -0.0003617 1.1098
2461219.4286317 99.99999 9.99999 -0.0003617 1.1099
2461219.4287101 99.99999 9.99999 -0.0003617 1.1100
2461219.4289140 99.99999 9.99999 -0.0003617 1.1104
2461219.4292242 -1.90912 0.02062 -0.0003617 1.1109
2461219.4296243 99.99999 9.99999 -0.0003617 1.1115
2461219.4301750 99.99999 9.99999 -0.0003617 1.1124
2461219.4303375 -2.19610 0.01945 -0.0003617 1.1126
2461219.4304139 -2.08127 0.01776 -0.0003617 1.1128
2461219.4308872 -2.10065 0.02409 -0.0003618 1.1135
2461219.4310419 99.99999 9.99999 -0.0003618 1.1138
2461219.4311206 99.99999 9.99999 -0.0003618 1.1139
2461219.4312804 99.99999 9.99999 -0.0003618 1.1141
2461219.4314372 99.99999 9.99999 -0.0003618 1.1144
2461219.4322296 -2.09028 0.01858 -0.0003618 1.1157
2461219.4323845 -1.99252 0.02095 -0.0003618 1.1159
2461219.4324617 -1.90985 0.02139 -0.0003618 1.1161
2461219.4327019 -1.97785 0.01816 -0.0003618 1.1165
2461219.4327808 99.99999 9.99999 -0.0003618 1.1166
2461219.4328587 -2.27439 0.02330 -0.0003618 1.1167
2461219.4329373 -1.93223 0.01906 -0.0003618 1.1169
2461219.4336346 99.99999 9.99999 -0.0003618 1.1180
2461219.4338659 -1.93163 0.01703 -0.0003618 1.1184
2461219.4344013 -1.79951 0.02150 -0.0003619 1.1193
2461219.4345708 -1.95024 0.02356 -0.0003619 1.1196
2461219.4346485 -1.98758 0.02362 -0.0003619 1.1197
2461219.4347252 99.99999 9.99999 -0.0003619 1.1198
2461219.4348025 99.99999 9.99999 -0.0003619 1.1199
2461219.4348818 99.99999 9.99999 -0.0003619 1.1201
2461219.4350432 99.99999 9.99999 -0.0003619 1.1204
2461219.4351217 99.99999 9.99999 -0.0003619 1.1205
2461219.4352771 99.99999 9.99999 -0.0003619 1.1207
2461219.4353545 -1.95963 0.01842 -0.0003619 1.1209
2461219.4355133 -1.96736 0.01858 -0.0003619 1.1211
2461219.4358237 -2.08994 0.02592 -0.0003619 1.1217
2461219.4359889 99.99999 9.99999 -0.0003619 1.1219
2461219.4360661 99.99999 9.99999 -0.0003619 1.1221
2461219.4361434 99.99999 9.99999 -0.0003619 1.1222
2461219.4362204 -2.28711 0.02253 -0.0003619 1.1223
2461219.4367732 99.99999 9.99999 -0.0003619 1.1233
2461219.4369368 99.99999 9.99999 -0.0003619 1.1236
2461219.4370138 -2.15603 0.02237 -0.0003619 1.1237
2461219.4370910 99.99999 9.99999 -0.0003619 1.1238
2461219.4372461 99.99999 9.99999 -0.0003619 1.1241
2461219.4380481 99.99999 9.99999 -0.0003620 1.1255
2461219.4381250 99.99999 9.99999 -0.0003620 1.1256
2461219.4382034 99.99999 9.99999 -0.0003620 1.1257
2461219.4383661 99.99999 9.99999 -0.0003620 1.1260
2461219.4385203 99.99999 9.99999 -0.0003620 1.1263
2461219.4386761 99.99999 9.99999 -0.0003620 1.1266
2461219.4395551 99.99999 9.99999 -0.0003620 1.1281
2461219.4396350 -1.93767 0.02153 -0.0003620 1.1282
2461219.4398758 99.99999 9.99999 -0.0003620 1.1286
2461219.4401082 99.99999 9.99999 -0.0003620 1.1291
2461219.4405116 99.99999 9.99999 -0.0003620 1.1298
2461219.4409074 99.99999 9.99999 -0.0003621 1.1305
2461219.4409853 99.99999 9.99999 -0.0003621 1.1306
2461219.4412360 -2.06289 0.02955 -0.0003621 1.1310
2461219.4413901 99.99999 9.99999 -0.0003621 1.1313
2461219.4414672 99.99999 9.99999 -0.0003621 1.1315
2461219.4415449 99.99999 9.99999 -0.0003621 1.1316
2461219.4419440 99.99999 9.99999 -0.0003621 1.1323
2461219.4423523 99.99999 9.99999 -0.0003621 1.1330
2461219.4424302 -2.21304 0.02265 -0.0003621 1.1332
2461219.4425073 99.99999 9.99999 -0.0003621 1.1333
2461219.4426796 99.99999 9.99999 -0.0003621 1.1336
2461219.4429133 99.99999 9.99999 -0.0003621 1.1341
2461219.4432341 99.99999 9.99999 -0.0003621 1.1346
2461219.4433899 -2.09074 0.02476 -0.0003621 1.1349
2461219.4434668 99.99999 9.99999 -0.0003621 1.1351
2461219.4438711 99.99999 9.99999 -0.0003621 1.1358
2461219.4443544 -2.02075 0.02146 -0.0003622 1.1367
2461219.4447618 99.99999 9.99999 -0.0003622 1.1374
2461219.4448397 99.99999 9.99999 -0.0003622 1.1376
2461219.4449168 -2.04005 0.02115 -0.0003622 1.1377
2461219.4452404 99.99999 9.99999 -0.0003622 1.1383
2461219.4453175 99.99999 9.99999 -0.0003622 1.1384
2461219.4461058 -1.88110 0.01943 -0.0003622 1.1399
2461219.4461826 99.99999 9.99999 -0.0003622 1.1400
2461219.4465097 99.99999 9.99999 -0.0003622 1.1406
2461219.4469840 -1.89209 0.01866 -0.0003622 1.1415
2461219.4471398 99.99999 9.99999 -0.0003622 1.1418
2461219.4472167 99.99999 9.99999 -0.0003622 1.1420
2461219.4472947 99.99999 9.99999 -0.0003622 1.1421
2461219.4474603 99.99999 9.99999 -0.0003623 1.1424
2461219.4476144 99.99999 9.99999 -0.0003623 1.1427
2461219.4477694 99.99999 9.99999 -0.0003623 1.1430
2461219.4479357 99.99999 9.99999 -0.0003623 1.1433
2461219.4484110 99.99999 9.99999 -0.0003623 1.1442
2461219.4490460 99.99999 9.99999 -0.0003623 1.1454
2461219.4494476 99.99999 9.99999 -0.0003623 1.1462
2461219.4500105 99.99999 9.99999 -0.0003623 1.1473
2461219.4501663 99.99999 9.99999 -0.0003623 1.1476
2461219.4505608 99.99999 9.99999 -0.0003623 1.1483
2461219.4506393 -1.94882 0.01813 -0.0003624 1.1485
2461219.4508898 99.99999 9.99999 -0.0003624 1.1490
2461219.4509672 -2.01837 0.02550 -0.0003624 1.1491
2461219.4511236 99.99999 9.99999 -0.0003624 1.1494
2461219.4512867 99.99999 9.99999 -0.0003624 1.1497
2461219.4515980 -1.91794 0.02502 -0.0003624 1.1503
2461219.4517622 99.99999 9.99999 -0.0003624 1.1507
2461219.4518385 99.99999 9.99999 -0.0003624 1.1508
2461219.4519943 99.99999 9.99999 -0.0003624 1.1511
2461219.4523190 99.99999 9.99999 -0.0003624 1.1517
2461219.4523961 99.99999 9.99999 -0.0003624 1.1519
2461219.4524753 99.99999 9.99999 -0.0003624 1.1520
2461219.4525524 99.99999 9.99999 -0.0003624 1.1522
2461219.4533596 -1.86732 0.02093 -0.0003624 1.1538
2461219.4535160 99.99999 9.99999 -0.0003624 1.1541
2461219.4539258 -1.86446 0.02130 -0.0003625 1.1549
2461219.4540028 99.99999 9.99999 -0.0003625 1.1551
2461219.4541740 99.99999 9.99999 -0.0003625 1.1554
2461219.4543286 99.99999 9.99999 -0.0003625 1.1557
2461219.4544062 99.99999 9.99999 -0.0003625 1.1559
2461219.4544840 -1.84791 0.02022 -0.0003625 1.1560
2461219.4546447 99.99999 9.99999 -0.0003625 1.1563
2461219.4548005 99.99999 9.99999 -0.0003625 1.1567
2461219.4548785 99.99999 9.99999 -0.0003625 1.1568
2461219.4551164 99.99999 9.99999 -0.0003625 1.1573
2461219.4551931 99.99999 9.99999 -0.0003625 1.1574
2461219.4557445 -1.97305 0.02710 -0.0003625 1.1586
2461219.4558222 99.99999 9.99999 -0.0003625 1.1587
2461219.4560292 99.99999 9.99999 -0.0003625 1.1591
2461219.4562609 99.99999 9.99999 -0.0003625 1.1596
2461219.4563408 99.99999 9.99999 -0.0003625 1.1598
2461219.4565059 99.99999 9.99999 -0.0003625 1.1601
2461219.4567389 99.99999 9.99999 -0.0003625 1.1606
2461219.4568155 99.99999 9.99999 -0.0003625 1.1607
2461219.4569888 99.99999 9.99999 -0.0003625 1.1611
2461219.4570670 99.99999 9.99999 -0.0003625 1.1612
2461219.4571442 99.99999 9.99999 -0.0003625 1.1614
2461219.4574726 -1.99971 0.01800 -0.0003626 1.1621
2461219.4575511 99.99999 9.99999 -0.0003626 1.1622
2461219.4579574 -1.89077 0.02144 -0.0003626 1.1631
2461219.4582695 -1.95294 0.02224 -0.0003626 1.1637
2461219.4584376 99.99999 9.99999 -0.0003626 1.1640
2461219.4585928 99.99999 9.99999 -0.0003626 1.1644
2461219.4587485 -1.78419 0.01858 -0.0003626 1.1647
2461219.4589103 99.99999 9.99999 -0.0003626 1.1650
2461219.4590643 -1.87691 0.01970 -0.0003626 1.1653
2461219.4594589 99.99999 9.99999 -0.0003626 1.1662
2461219.4596921 99.99999 9.99999 -0.0003626 1.1666
2461219.4598548 99.99999 9.99999 -0.0003626 1.1670
2461219.4599322 99.99999 9.99999 -0.0003626 1.1671
2461219.4601655 99.99999 9.99999 -0.0003626 1.1676
2461219.4603281 99.99999 9.99999 -0.0003626 1.1680
2461219.4604835 99.99999 9.99999 -0.0003626 1.1683
2461219.4608006 99.99999 9.99999 -0.0003627 1.1690
2461219.4609543 99.99999 9.99999 -0.0003627 1.1693
2461219.4612760 99.99999 9.99999 -0.0003627 1.1700
2461219.4613533 99.99999 9.99999 -0.0003627 1.1701
2461219.4617270 99.99999 9.99999 -0.0003627 1.1709
2461219.4618807 99.99999 9.99999 -0.0003627 1.1712
2461219.4619588 -1.88475 0.02402 -0.0003627 1.1714
2461219.4622038 99.99999 9.99999 -0.0003627 1.1719
2461219.4622810 99.99999 9.99999 -0.0003627 1.1721
2461219.4624352 99.99999 9.99999 -0.0003627 1.1724
2461219.4625134 -2.09915 0.02526 -0.0003627 1.1726
2461219.4626777 99.99999 9.99999 -0.0003627 1.1729
2461219.4628316 99.99999 9.99999 -0.0003627 1.1733
2461219.4632363 99.99999 9.99999 -0.0003627 1.1741
2461219.4633135 99.99999 9.99999 -0.0003627 1.1743
2461219.4633910 99.99999 9.99999 -0.0003627 1.1745
2461219.4634696 99.99999 9.99999 -0.0003627 1.1746
2461219.4637885 -1.92847 0.02135 -0.0003627 1.1753
2461219.4639433 99.99999 9.99999 -0.0003628 1.1757
2461219.4641835 99.99999 9.99999 -0.0003628 1.1762
2461219.4642623 99.99999 9.99999 -0.0003628 1.1764
2461219.4643394 99.99999 9.99999 -0.0003628 1.1765
2461219.4644183 99.99999 9.99999 -0.0003628 1.1767
2461219.4646574 99.99999 9.99999 -0.0003628 1.1772
2461219.4648905 99.99999 9.99999 -0.0003628 1.1777
2461219.4650587 99.99999 9.99999 -0.0003628 1.1781
2461219.4652126 99.99999 9.99999 -0.0003628 1.1784
2461219.4652905 99.99999 9.99999 -0.0003628 1.1786
2461219.4657591 99.99999 9.99999 -0.0003628 1.1796
2461219.4660046 -1.86597 0.01764 -0.0003628 1.1801
2461219.4660817 99.99999 9.99999 -0.0003628 1.1803
2461219.4662493 99.99999 9.99999 -0.0003628 1.1807
2461219.4663281 99.99999 9.99999 -0.0003628 1.1809
2461219.4665726 -1.79938 0.01669 -0.0003628 1.1814
2461219.4666507 99.99999 9.99999 -0.0003628 1.1816
2461219.4667286 -1.82944 0.02115 -0.0003628 1.1817
2461219.4670500 99.99999 9.99999 -0.0003628 1.1824
2461219.4671260 -2.01200 0.02282 -0.0003629 1.1826
2461219.4672819 99.99999 9.99999 -0.0003629 1.1830
2461219.4675272 99.99999 9.99999 -0.0003629 1.1835
2461219.4676052 99.99999 9.99999 -0.0003629 1.1837
2461219.4677605 -1.94225 0.02724 -0.0003629 1.1840
2461219.4678377 99.99999 9.99999 -0.0003629 1.1842
2461219.4680145 -2.03058 0.02602 -0.0003629 1.1846
2461219.4680922 99.99999 9.99999 -0.0003629 1.1848
2461219.4681696 -1.75660 0.01833 -0.0003629 1.1849
2461219.4682486 99.99999 9.99999 -0.0003629 1.1851
2461219.4683259 99.99999 9.99999 -0.0003629 1.1853
2461219.4685702 99.99999 9.99999 -0.0003629 1.1858
2461219.4686479 99.99999 9.99999 -0.0003629 1.1860
2461219.4690788 -2.00086 0.02585 -0.0003629 1.1870
2461219.4692350 99.99999 9.99999 -0.0003629 1.1873
2461219.4694809 99.99999 9.99999 -0.0003629 1.1879
2461219.4695575 99.99999 9.99999 -0.0003629 1.1881
2461219.4698717 99.99999 9.99999 -0.0003629 1.1888
2461219.4699500 -1.78482 0.02048 -0.0003629 1.1889
2461219.4700282 99.99999 9.99999 -0.0003629 1.1891
2461219.4701833 99.99999 9.99999 -0.0003629 1.1895
2461219.4703449 99.99999 9.99999 -0.0003629 1.1898
2461219.4704217 99.99999 9.99999 -0.0003630 1.1900
2461219.4708967 99.99999 9.99999 -0.0003630 1.1911
2461219.4709737 99.99999 9.99999 -0.0003630 1.1913
2461219.4710507 -1.94618 0.02760 -0.0003630 1.1914
2461219.4713394 -1.77915 0.02289 -0.0003630 1.1921
2461219.4717444 -1.95687 0.02015 -0.0003630 1.1930
2461219.4718992 99.99999 9.99999 -0.0003630 1.1934
2461219.4720556 99.99999 9.99999 -0.0003630 1.1937
2461219.4727097 99.99999 9.99999 -0.0003630 1.1953
2461219.4728641 99.99999 9.99999 -0.0003630 1.1956
2461219.4729423 99.99999 9.99999 -0.0003630 1.1958
2461219.4730192 -1.80220 0.02154 -0.0003630 1.1960
2461219.4731940 99.99999 9.99999 -0.0003630 1.1964
2461219.4732720 99.99999 9.99999 -0.0003630 1.1966
2461219.4733490 99.99999 9.99999 -0.0003630 1.1967
2461219.4736733 99.99999 9.99999 -0.0003631 1.1975
2461219.4737507 -1.64085 0.02116 -0.0003631 1.1977
2461219.4747114 99.99999 9.99999 -0.0003631 1.1999
2461219.4757378 -1.82237 0.02183 -0.0003631 1.2023
2461219.4758145 99.99999 9.99999 -0.0003631 1.2025
2461219.4758940 99.99999 9.99999 -0.0003631 1.2027
2461219.4762150 99.99999 9.99999 -0.0003631 1.2035
2461219.4762938 99.99999 9.99999 -0.0003631 1.2037
2461219.4766193 99.99999 9.99999 -0.0003631 1.2044
2461219.4771821 99.99999 9.99999 -0.0003632 1.2058
2461219.4773387 99.99999 9.99999 -0.0003632 1.2062
2461219.4775115 99.99999 9.99999 -0.0003632 1.2066
2461219.4777431 99.99999 9.99999 -0.0003632 1.2071
2461219.4778204 99.99999 9.99999 -0.0003632 1.2073
2461219.4779932 99.99999 9.99999 -0.0003632 1.2077
2461219.4780716 99.99999 9.99999 -0.0003632 1.2079
2461219.4781484 99.99999 9.99999 -0.0003632 1.2081
2461219.4786337 99.99999 9.99999 -0.0003632 1.2093
2461219.4787119 99.99999 9.99999 -0.0003632 1.2095
2461219.4787890 99.99999 9.99999 -0.0003632 1.2097
2461219.4790364 99.99999 9.99999 -0.0003632 1.2103
2461219.4802328 99.99999 9.99999 -0.0003632 1.2132
2461219.4803942 99.99999 9.99999 -0.0003633 1.2136
2461219.4804712 -1.56898 0.02389 -0.0003633 1.2138
2461219.4806256 99.99999 9.99999 -0.0003633 1.2141
2461219.4808680 99.99999 9.99999 -0.0003633 1.2147
2461219.4811003 99.99999 9.99999 -0.0003633 1.2153
2461219.4813482 99.99999 9.99999 -0.0003633 1.2159
2461219.4814259 -1.55556 0.02010 -0.0003633 1.2161
2461219.4815032 99.99999 9.99999 -0.0003633 1.2163
2461219.4815812 -1.91597 0.02422 -0.0003633 1.2165
2461219.4816583 -1.97341 0.02902 -0.0003633 1.2167
2461219.4818368 -1.61661 0.02368 -0.0003633 1.2171
2461219.4819144 99.99999 9.99999 -0.0003633 1.2173
2461219.4819910 99.99999 9.99999 -0.0003633 1.2175
2461219.4820698 99.99999 9.99999 -0.0003633 1.2177
2461219.4823994 99.99999 9.99999 -0.0003633 1.2185
2461219.4825544 99.99999 9.99999 -0.0003633 1.2189
2461219.4831175 -2.11960 0.02646 -0.0003633 1.2203
2461219.4835243 99.99999 9.99999 -0.0003633 1.2213
2461219.4836015 99.99999 9.99999 -0.0003634 1.2215
2461219.4837743 -1.66617 0.02156 -0.0003634 1.2220
2461219.4840864 99.99999 9.99999 -0.0003634 1.2228
2461219.4842523 99.99999 9.99999 -0.0003634 1.2232
2461219.4843298 99.99999 9.99999 -0.0003634 1.2234
2461219.4844083 -1.76200 0.01938 -0.0003634 1.2236
2461219.4845639 99.99999 9.99999 -0.0003634 1.2240
2461219.4847390 99.99999 9.99999 -0.0003634 1.2244
2461219.4848936 99.99999 9.99999 -0.0003634 1.2248
2461219.4850498 99.99999 9.99999 -0.0003634 1.2252
2461219.4852113 99.99999 9.99999 -0.0003634 1.2256
2461219.4852891 -1.74007 0.01876 -0.0003634 1.2258
2461219.4853662 -1.80770 0.02050 -0.0003634 1.2260
2461219.4854444 99.99999 9.99999 -0.0003634 1.2262
2461219.4855217 -1.75427 0.02334 -0.0003634 1.2264
2461219.4856968 99.99999 9.99999 -0.0003634 1.2268
2461219.4857742 -1.70329 0.02220 -0.0003634 1.2270
2461219.4858509 99.99999 9.99999 -0.0003634 1.2272
2461219.4859298 99.99999 9.99999 -0.0003634 1.2274
2461219.4860066 -1.94589 0.02338 -0.0003634 1.2276
2461219.4867363 99.99999 9.99999 -0.0003634 1.2295
2461219.4868132 99.99999 9.99999 -0.0003634 1.2297
2461219.4869687 -1.54161 0.02237 -0.0003635 1.2301
2461219.4871395 99.99999 9.99999 -0.0003635 1.2305
2461219.4872173 -2.11211 0.02790 -0.0003635 1.2307
2461219.4872943 99.99999 9.99999 -0.0003635 1.2309
2461219.4873714 -2.02885 0.02838 -0.0003635 1.2311
2461219.4878605 99.99999 9.99999 -0.0003635 1.2324
2461219.4879380 -1.63667 0.01975 -0.0003635 1.2326
2461219.4883371 99.99999 9.99999 -0.0003635 1.2337
2461219.4888876 99.99999 9.99999 -0.0003635 1.2351
2461219.4894531 -1.78613 0.02100 -0.0003635 1.2366
2461219.4896135 -1.66270 0.02179 -0.0003635 1.2370
2461219.4900926 99.99999 9.99999 -0.0003635 1.2382
2461219.4902464 99.99999 9.99999 -0.0003636 1.2387
2461219.4903232 99.99999 9.99999 -0.0003636 1.2389
2461219.4907251 -1.56660 0.02001 -0.0003636 1.2399
2461219.4908017 -2.10978 0.02701 -0.0003636 1.2401
2461219.4908799 99.99999 9.99999 -0.0003636 1.2403
2461219.4915214 99.99999 9.99999 -0.0003636 1.2420
2461219.4916771 -1.89624 0.02643 -0.0003636 1.2425
2461219.4918330 99.99999 9.99999 -0.0003636 1.2429
2461219.4920824 99.99999 9.99999 -0.0003636 1.2435
2461219.4921593 99.99999 9.99999 -0.0003636 1.2437
2461219.4923152 99.99999 9.99999 -0.0003636 1.2442
2461219.4925670 99.99999 9.99999 -0.0003636 1.2448
2461219.4929399 -1.73029 0.02451 -0.0003636 1.2458
2461219.4930949 99.99999 9.99999 -0.0003636 1.2463
2461219.4931726 99.99999 9.99999 -0.0003636 1.2465
2461219.4934158 -1.71130 0.01958 -0.0003636 1.2471
2461219.4934941 99.99999 9.99999 -0.0003637 1.2473
2461219.4937275 -1.84566 0.02084 -0.0003637 1.2480
2461219.4939767 99.99999 9.99999 -0.0003637 1.2486
2461219.4940545 99.99999 9.99999 -0.0003637 1.2488
2461219.4941322 99.99999 9.99999 -0.0003637 1.2491
2461219.4944610 -1.65665 0.02263 -0.0003637 1.2500
2461219.4946162 99.99999 9.99999 -0.0003637 1.2504
2461219.4946933 99.99999 9.99999 -0.0003637 1.2506
2461219.4949437 99.99999 9.99999 -0.0003637 1.2513
2461219.4950209 -1.81356 0.02400 -0.0003637 1.2515
2461219.4950983 99.99999 9.99999 -0.0003637 1.2517
2461219.4951759 99.99999 9.99999 -0.0003637 1.2519
2461219.4953464 99.99999 9.99999 -0.0003637 1.2524
2461219.4955814 99.99999 9.99999 -0.0003637 1.2530
2461219.4961435 -1.64861 0.02014 -0.0003637 1.2546
2461219.4967849 99.99999 9.99999 -0.0003638 1.2563
2461219.4972571 -1.87745 0.02282 -0.0003638 1.2576
2461219.4974110 -1.72301 0.01895 -0.0003638 1.2581
2461219.4975663 -1.82492 0.02201 -0.0003638 1.2585
