JDHEL V-C s1 V-K1 s2 C-K1 s3 HELCOR AIRMASS
Aperture: 2, Filter: IRCUT, JD: heliocentric
2461183.3237945 -0.33567 0.09153 0.73543 0.06107 1.07110 0.08115 0.0039222 1.9347
2461183.3241946 -0.33488 0.08491 0.48846 0.06275 0.82334 0.07489 0.0039222 1.9351
2461183.3243933 -0.42805 0.09564 0.73091 0.05648 1.15896 0.08679 0.0039222 1.9353
2461183.3245255 -0.52001 0.12197 0.77720 0.06840 1.29721 0.11150 0.0039221 1.9355
2461183.3246591 -0.24642 0.11007 1.01758 0.07179 1.26400 0.08977 0.0039221 1.9356
2461183.3247889 -0.49472 0.10053 0.67548 0.06406 1.17021 0.08855 0.0039221 1.9358
2461183.3249229 -0.21847 0.08955 0.74630 0.06448 0.96476 0.07212 0.0039221 1.9359
2461183.3251238 -0.32999 0.09363 0.81528 0.06643 1.14527 0.07701 0.0039221 1.9361
2461183.3252564 -0.45479 0.10563 0.82970 0.06130 1.28448 0.09373 0.0039221 1.9363
2461183.3255243 -0.38105 0.08983 0.84649 0.05832 1.22754 0.07739 0.0039221 1.9366
2461183.3256567 -0.41303 0.10044 0.95155 0.05741 1.36458 0.08843 0.0039221 1.9368
2461183.3258557 -0.12810 0.08442 0.82373 0.06674 0.95182 0.06685 0.0039220 1.9370
2461183.3259882 -0.41403 0.09709 0.74714 0.06253 1.16116 0.08217 0.0039220 1.9372
2461183.3261209 -0.40199 0.09708 0.68071 0.06486 1.08270 0.08500 0.0039220 1.9374
2461183.3262534 -0.20901 0.09745 0.77220 0.06904 0.98121 0.07998 0.0039220 1.9375
2461183.3263872 -0.47391 0.09815 99.99999 9.99999 99.99999 9.99999 0.0039220 1.9377
2461183.3265868 -0.39687 0.10427 0.78786 0.06770 1.18473 0.08934 0.0039220 1.9379
2461183.3267189 -0.33096 0.09593 0.82224 0.06611 1.15320 0.07908 0.0039220 1.9381
2461183.3268519 -0.35912 0.09944 0.90636 0.06099 1.26548 0.08640 0.0039220 1.9383
2461183.3269858 -0.32745 0.09504 0.90522 0.06097 1.23267 0.08099 0.0039220 1.9385
2461183.3271203 -0.44345 0.10229 0.77064 0.06330 1.21410 0.08985 0.0039220 1.9387
2461183.3273166 -0.47453 0.10073 99.99999 9.99999 99.99999 9.99999 0.0039219 1.9389
2461183.3274490 -0.46713 0.10115 0.85659 0.05680 1.32372 0.09151 0.0039219 1.9391
2461183.3275833 -0.61356 0.11036 0.73962 0.05687 1.35319 0.10145 0.0039219 1.9393
2461183.3277174 -0.52805 0.09988 0.88522 0.05602 1.41328 0.08876 0.0039219 1.9395
2461183.3278504 -0.47263 0.11156 0.81808 0.06153 1.29070 0.10018 0.0039219 1.9397
2461183.3280485 -0.43570 0.09570 0.95298 0.06261 1.38868 0.07982 0.0039219 1.9400
2461183.3281807 -0.48757 0.09875 0.90488 0.05845 1.39245 0.08685 0.0039219 1.9402
2461183.3283131 -0.33357 0.09824 0.96942 0.06549 1.30300 0.08110 0.0039219 1.9403
2461183.3284459 -0.28023 0.09475 0.89970 0.06261 1.17993 0.08043 0.0039219 1.9405
2461183.3285799 -0.58270 0.10989 0.85296 0.06478 1.43566 0.09649 0.0039219 1.9407
2461183.3287795 -0.32838 0.09336 0.86411 0.06112 1.19249 0.08024 0.0039218 1.9410
2461183.3289120 -0.50380 0.09793 1.01369 0.05163 1.51750 0.08914 0.0039218 1.9412
2461183.3290449 -0.31407 0.09080 0.79170 0.06235 1.10577 0.07550 0.0039218 1.9414
2461183.3291783 -0.45036 0.09235 0.67868 0.05888 1.12904 0.08169 0.0039218 1.9417
2461183.3293134 -0.42166 0.09804 0.68364 0.05652 1.10530 0.08972 0.0039218 1.9419
2461183.3295125 -0.20736 0.10236 1.04079 0.06836 1.24815 0.08395 0.0039218 1.9422
2461183.3296447 -0.52239 0.08761 0.73556 0.05356 1.25795 0.07788 0.0039218 1.9424
2461183.3297787 99.99999 9.99999 99.99999 9.99999 1.18609 0.07579 0.0039218 1.9426
2461183.3299132 -0.47581 0.10014 0.90091 0.05643 1.37671 0.08925 0.0039218 1.9428
2461183.3300467 -0.42121 0.10135 0.90124 0.06169 1.32245 0.08742 0.0039217 1.9430
2461183.3302448 -0.49398 0.08849 0.80688 0.05285 1.30086 0.07796 0.0039217 1.9434
2461183.3303770 -0.34264 0.08969 0.87466 0.05669 1.21729 0.07679 0.0039217 1.9436
2461183.3305109 -0.60963 0.10147 99.99999 9.99999 99.99999 9.99999 0.0039217 1.9438
2461183.3306435 -0.54977 0.10515 99.99999 9.99999 99.99999 9.99999 0.0039217 1.9440
2461183.3307761 -0.57518 0.10106 0.78386 0.05607 1.35904 0.09025 0.0039217 1.9443
2461183.3309714 -0.59738 0.08733 0.85934 0.04463 1.45672 0.07957 0.0039217 1.9446
2461183.3311036 -0.57632 0.08597 0.86460 0.04770 1.44092 0.07620 0.0039217 1.9448
2461183.3312375 -0.54236 0.08585 1.00719 0.04892 1.54955 0.07512 0.0039217 1.9451
2461183.3313715 -0.55233 0.09273 1.00370 0.05021 1.55603 0.08196 0.0039217 1.9453
2461183.3315061 -0.59107 0.10350 99.99999 9.99999 99.99999 9.99999 0.0039216 1.9455
2461183.3317027 -0.51640 0.11045 1.06242 0.06242 1.57882 0.09614 0.0039216 1.9459
2461183.3318350 99.99999 9.99999 99.99999 9.99999 1.48272 0.08230 0.0039216 1.9461
2461183.3319693 -0.46134 0.09098 1.00363 0.05335 1.46497 0.07847 0.0039216 1.9464
2461183.3321017 99.99999 9.99999 0.96155 0.05324 99.99999 9.99999 0.0039216 1.9466
2461183.3322348 -0.42372 0.08837 1.05551 0.05282 1.47924 0.07559 0.0039216 1.9469
2461183.3324334 -0.55224 0.08531 0.70346 0.04912 1.25570 0.07642 0.0039216 1.9472
2461183.3325662 99.99999 9.99999 99.99999 9.99999 1.43616 0.07221 0.0039216 1.9475
2461183.3326990 -0.52303 0.09977 0.90090 0.05806 1.42394 0.08693 0.0039216 1.9477
2461183.3328322 -0.47038 0.08134 99.99999 9.99999 99.99999 9.99999 0.0039215 1.9480
2461183.3329670 99.99999 9.99999 0.85648 0.05215 99.99999 9.99999 0.0039215 1.9482
2461183.3334271 -0.41955 0.08362 99.99999 9.99999 99.99999 9.99999 0.0039215 1.9491
2461183.3335592 -0.45275 0.08631 99.99999 9.99999 99.99999 9.99999 0.0039215 1.9494
2461183.3336931 99.99999 9.99999 0.82877 0.04873 99.99999 9.99999 0.0039215 1.9497
2461183.3338264 -0.47036 0.08066 99.99999 9.99999 99.99999 9.99999 0.0039215 1.9499
2461183.3340222 -0.46410 0.07618 0.87579 0.04565 1.33989 0.06673 0.0039215 1.9503
2461183.3341554 -0.45685 0.08362 0.87714 0.05051 1.33399 0.07228 0.0039215 1.9506
2461183.3342881 -0.57150 0.07519 0.70218 0.04327 1.27368 0.06783 0.0039214 1.9509
2461183.3344208 99.99999 9.99999 99.99999 9.99999 1.53498 0.06629 0.0039214 1.9511
2461183.3345545 -0.53144 0.08055 1.01788 0.04385 1.54933 0.07167 0.0039214 1.9514
2461183.3347501 -0.54608 0.07915 0.97259 0.04521 1.51866 0.06929 0.0039214 1.9518
2461183.3348823 -0.41515 0.08213 99.99999 9.99999 99.99999 9.99999 0.0039214 1.9521
2461183.3350164 -0.72740 0.08374 0.94511 0.04123 1.67251 0.07652 0.0039214 1.9524
2461183.3351505 -0.69152 0.08541 0.89080 0.04235 1.58233 0.07828 0.0039214 1.9527
2461183.3352829 -0.58959 0.07576 0.85343 0.04095 1.44302 0.06799 0.0039214 1.9529
2461183.3354770 -0.85522 0.08837 0.77694 0.03989 1.63216 0.08247 0.0039214 1.9534
2461183.3356097 99.99999 9.99999 1.00790 0.04831 99.99999 9.99999 0.0039213 1.9537
2461183.3357427 -0.70110 0.07672 99.99999 9.99999 99.99999 9.99999 0.0039213 1.9539
2461183.3358769 -0.45841 0.07483 0.74491 0.04601 1.20332 0.06575 0.0039213 1.9542
2461183.3360113 -0.48816 0.07959 0.99430 0.04650 1.48246 0.06908 0.0039213 1.9545
2461183.3362071 -0.55201 0.07586 0.94950 0.04287 1.50151 0.06683 0.0039213 1.9550
2461183.3363396 99.99999 9.99999 99.99999 9.99999 99.99999 9.99999 0.0039213 1.9553
2461183.3364738 -0.56886 0.08291 99.99999 9.99999 99.99999 9.99999 0.0039213 1.9556
2461183.3366080 99.99999 9.99999 99.99999 9.99999 1.46167 0.05982 0.0039213 1.9559
2461183.3367421 99.99999 9.99999 99.99999 9.99999 1.62199 0.07507 0.0039213 1.9562
2461183.3369365 -0.38234 0.07404 1.03678 0.04617 1.41911 0.06247 0.0039213 1.9566
2461183.3370688 -0.39447 0.07505 99.99999 9.99999 99.99999 9.99999 0.0039212 1.9569
2461183.3372015 -0.38248 0.07623 0.99507 0.04730 1.37755 0.06481 0.0039212 1.9573
2461183.3373348 99.99999 9.99999 0.93288 0.04279 99.99999 9.99999 0.0039212 1.9576
2461183.3374689 -0.54279 0.06866 1.02758 0.03841 1.57037 0.06000 0.0039212 1.9579
2461183.3376685 -0.64994 0.07606 0.92595 0.04118 1.57589 0.06766 0.0039212 1.9584
2461183.3378006 -0.66395 0.06916 0.84461 0.03789 1.50856 0.06147 0.0039212 1.9587
2461183.3379340 -0.76570 0.07807 0.85233 0.04056 1.61803 0.07017 0.0039212 1.9590
2461183.3380684 -0.51798 0.06356 1.04014 0.03881 1.55812 0.05338 0.0039212 1.9593
2461183.3382028 -0.79316 0.07298 0.97828 0.03751 1.77144 0.06517 0.0039212 1.9597
2461183.3384000 -0.42102 0.05845 0.82843 0.03702 1.24946 0.05013 0.0039211 1.9601
2461183.3385321 -0.76187 0.06544 0.85847 0.03264 1.62034 0.05970 0.0039211 1.9605
2461183.3386659 -0.68808 0.06891 1.00655 0.03389 1.69462 0.06249 0.0039211 1.9608
2461183.3387996 -0.69628 0.06701 0.85726 0.03457 1.55354 0.06134 0.0039211 1.9611
2461183.3389323 -0.70395 0.08106 0.89137 0.03952 1.59531 0.07502 0.0039211 1.9615
2461183.3391283 -0.87181 0.08183 0.74381 0.03640 1.61561 0.07722 0.0039211 1.9620
2461183.3395273 -0.63668 0.09069 0.78307 0.04612 1.41975 0.08409 0.0039211 1.9630
2461183.3396594 -0.55353 0.09835 0.88004 0.05334 1.43357 0.08880 0.0039211 1.9633
2461183.3398597 -0.81596 0.14387 0.81569 0.06431 1.63164 0.13475 0.0039210 1.9638
2461183.3399921 -0.66508 0.12152 0.83803 0.06343 1.50311 0.11064 0.0039210 1.9642
2461183.3402609 -0.82111 0.13681 0.77551 0.06132 1.59662 0.12834 0.0039210 1.9649
2461183.3403932 -0.76726 0.15726 0.98036 0.07170 1.74762 0.14535 0.0039210 1.9653
2461183.3405923 -0.50254 0.12526 0.93414 0.07372 1.43668 0.10889 0.0039210 1.9658
2461183.3407254 -0.47334 0.12734 0.96690 0.07485 1.44023 0.11110 0.0039210 1.9661
2461183.3408578 -0.56682 0.13750 0.96746 0.07476 1.53428 0.12217 0.0039210 1.9665
2461183.3409906 99.99999 9.99999 0.79005 0.07798 99.99999 9.99999 0.0039210 1.9669
2461183.3411247 99.99999 9.99999 0.91164 0.07111 99.99999 9.99999 0.0039210 1.9672
2461183.3413267 -0.57162 0.14068 0.95928 0.07928 1.53091 0.12404 0.0039209 1.9678
2461183.3414593 -0.49999 0.14344 1.06721 0.08385 1.56721 0.12306 0.0039209 1.9682
2461183.3415918 -0.30987 0.13343 1.19410 0.08689 1.50397 0.10864 0.0039209 1.9685
2461183.3417253 -0.46120 0.15668 1.21789 0.09190 1.67908 0.13252 0.0039209 1.9689
2461183.3418598 -0.30373 0.12296 1.04509 0.08121 1.34881 0.10075 0.0039209 1.9693
2461183.3420571 -0.32819 0.09985 0.91329 0.06606 1.24147 0.08301 0.0039209 1.9698
2461183.3421903 -0.37864 0.09837 1.16744 0.06351 1.54608 0.07985 0.0039209 1.9702
2461183.3423242 -0.39278 0.09386 1.09925 0.06060 1.49203 0.07671 0.0039209 1.9706
2461183.3424585 -0.34386 0.08762 1.06256 0.05864 1.40642 0.07052 0.0039209 1.9710
2461183.3425927 99.99999 9.99999 99.99999 9.99999 1.41709 0.06487 0.0039208 1.9714
2461183.3427901 -0.36472 0.07157 1.22657 0.04814 1.59129 0.05625 0.0039208 1.9719
2461183.3429227 -0.26911 0.07259 99.99999 9.99999 99.99999 9.99999 0.0039208 1.9723
2461183.3430568 -0.35785 0.05702 0.98891 0.03825 1.34675 0.04626 0.0039208 1.9727
2461183.3431895 -0.47612 0.06094 99.99999 9.99999 99.99999 9.99999 0.0039208 1.9731
2461183.3433228 -0.29022 0.06275 1.06890 0.04133 1.35912 0.05113 0.0039208 1.9735
2461183.3435217 -0.59072 0.06659 1.07761 0.03436 1.66833 0.05965 0.0039208 1.9741
2461183.3436543 99.99999 9.99999 99.99999 9.99999 1.61616 0.05772 0.0039208 1.9745
2461183.3437869 99.99999 9.99999 99.99999 9.99999 1.61540 0.05878 0.0039208 1.9749
2461183.3439205 99.99999 9.99999 99.99999 9.99999 99.99999 9.99999 0.0039208 1.9753
2461183.3440549 -0.62302 0.06409 1.09200 0.03174 1.71503 0.05804 0.0039207 1.9757
2461183.3442541 -0.41733 0.05505 1.12993 0.03357 1.54727 0.04631 0.0039207 1.9763
2461183.3443862 -0.27670 0.06285 1.24524 0.04134 1.52195 0.05068 0.0039207 1.9767
2461183.3445204 -0.38469 0.05967 1.10689 0.03628 1.49158 0.05036 0.0039207 1.9771
2461183.3447886 -0.53016 0.05581 0.88056 0.03136 1.41073 0.04969 0.0039207 1.9780
2461183.3449860 -0.39290 0.05823 1.16105 0.03581 1.55396 0.04909 0.0039207 1.9786
2461183.3451184 -0.54359 0.06182 1.11705 0.03331 1.66064 0.05465 0.0039207 1.9790
2461183.3452507 99.99999 9.99999 99.99999 9.99999 99.99999 9.99999 0.0039207 1.9794
2461183.3453833 -0.66481 0.06272 0.91197 0.03255 1.57678 0.05662 0.0039206 1.9798
2461183.3455168 99.99999 9.99999 99.99999 9.99999 1.51296 0.05334 0.0039206 1.9803
2461183.3457158 -0.47083 0.07424 0.99694 0.04390 1.46777 0.06401 0.0039206 1.9809
2461183.3458481 -0.54473 0.06755 1.06996 0.03722 1.61469 0.05946 0.0039206 1.9813
2461183.3459814 -0.55584 0.07639 1.03540 0.04251 1.59124 0.06691 0.0039206 1.9818
2461183.3461156 -0.45142 0.06767 0.80418 0.04191 1.25559 0.05906 0.0039206 1.9822
2461183.3462501 -0.51237 0.07611 1.03193 0.04357 1.54429 0.06633 0.0039206 1.9826
2461183.3464470 -0.74451 0.08587 0.96265 0.04182 1.70716 0.07837 0.0039206 1.9833
2461183.3465796 -0.63299 0.09186 1.12519 0.04760 1.75818 0.08171 0.0039206 1.9837
2461183.3467138 -0.24225 0.08324 1.22941 0.05567 1.47166 0.06629 0.0039206 1.9842
2461183.3468480 -0.71676 0.11005 1.20047 0.05464 1.91723 0.09850 0.0039205 1.9846
2461183.3469816 -0.47089 0.08900 0.79846 0.05365 1.26936 0.07787 0.0039205 1.9851
2461183.3473122 -0.62749 0.08158 1.07059 0.04207 1.69808 0.07285 0.0039205 1.9862
2461183.3474446 -0.48030 0.07170 1.04040 0.04021 1.52070 0.06281 0.0039205 1.9866
2461183.3477122 -0.47969 0.07067 1.15848 0.04018 1.63817 0.06092 0.0039205 1.9876
2461183.3479109 -0.51454 0.06178 1.00394 0.03463 1.51848 0.05432 0.0039205 1.9882
2461183.3480430 -0.42684 0.05938 99.99999 9.99999 99.99999 9.99999 0.0039205 1.9887
2461183.3483083 -0.37100 0.05437 1.15756 0.03343 1.52856 0.04554 0.0039204 1.9896
2461183.3484406 -0.58494 0.05767 1.00005 0.03205 1.58499 0.05084 0.0039204 1.9901
2461183.3486383 -0.58532 0.05400 0.88780 0.03009 1.47312 0.04788 0.0039204 1.9908
2461183.3487705 -0.59841 0.05902 1.09937 0.03205 1.69777 0.05199 0.0039204 1.9913
2461183.3490371 -0.60394 0.05720 1.13943 0.03063 1.74337 0.05057 0.0039204 1.9922
2461183.3491692 -0.57564 0.05926 1.04523 0.03257 1.62087 0.05212 0.0039204 1.9927
2461183.3493694 -0.51637 0.05327 0.90442 0.03170 1.42079 0.04616 0.0039204 1.9934
2461183.3495019 99.99999 9.99999 99.99999 9.99999 99.99999 9.99999 0.0039204 1.9939
2461183.3496358 -0.59895 0.05714 1.01135 0.03150 1.61031 0.05033 0.0039203 1.9944
2461183.3497705 -0.55029 0.05523 1.04721 0.03028 1.59750 0.04882 0.0039203 1.9949
2461183.3499048 -0.55769 0.05986 1.00179 0.03333 1.55948 0.05266 0.0039203 1.9954
2461183.3501020 -0.60249 0.05345 0.73776 0.03130 1.34025 0.04759 0.0039203 1.9961
2461183.3502343 -0.51882 0.06144 0.76516 0.03621 1.28397 0.05441 0.0039203 1.9966
2461183.3503678 -0.56054 0.06614 0.87125 0.03760 1.43179 0.05860 0.0039203 1.9971
2461183.3505018 -0.63665 0.06786 0.84310 0.03598 1.47975 0.06141 0.0039203 1.9976
2461183.3506345 -0.88011 0.10506 0.77711 0.04553 1.65722 0.09905 0.0039203 1.9981
2461183.3508302 -0.56335 0.08899 1.08522 0.04835 1.64856 0.07826 0.0039203 1.9988
2461183.3509626 -0.45373 0.06712 0.88374 0.04063 1.33747 0.05832 0.0039202 1.9993
2461183.3510955 -0.60128 0.07328 99.99999 9.99999 99.99999 9.99999 0.0039202 1.9998
2461183.3512299 -0.48679 0.06538 0.96355 0.03732 1.45034 0.05767 0.0039202 2.0003
2461183.3513642 -0.25756 0.07618 1.10145 0.04999 1.35901 0.06248 0.0039202 2.0008
2461183.3515646 -0.62793 0.07703 0.96339 0.04152 1.59132 0.06845 0.0039202 2.0016
2461183.3516969 -0.73180 0.08653 1.00896 0.04208 1.74076 0.07868 0.0039202 2.0021
2461183.3518305 -0.62087 0.08176 0.92751 0.04498 1.54838 0.07271 0.0039202 2.0026
2461183.3519637 -0.43659 0.08048 99.99999 9.99999 99.99999 9.99999 0.0039202 2.0032
2461183.3520979 -0.61058 0.09477 1.13748 0.05063 1.74805 0.08367 0.0039202 2.0037
2461183.3522980 -0.34592 0.09408 1.12528 0.05682 1.47120 0.07983 0.0039202 2.0045
2461183.3524304 99.99999 9.99999 0.73384 0.05720 99.99999 9.99999 0.0039201 2.0050
2461183.3525639 -0.61354 0.10113 0.98015 0.05315 1.59368 0.09104 0.0039201 2.0055
2461183.3526981 -0.59034 0.09218 0.92120 0.04992 1.51155 0.08217 0.0039201 2.0061
2461183.3528316 -0.46393 0.08766 0.97081 0.05046 1.43474 0.07679 0.0039201 2.0066
2461183.3530318 99.99999 9.99999 0.74507 0.05160 99.99999 9.99999 0.0039201 2.0074
2461183.3531643 99.99999 9.99999 0.94003 0.05332 99.99999 9.99999 0.0039201 2.0079
2461183.3532983 -0.60640 0.10445 0.91781 0.05610 1.52421 0.09395 0.0039201 2.0085
2461183.3534331 99.99999 9.99999 0.99143 0.07117 99.99999 9.99999 0.0039201 2.0090
2461183.3535670 99.99999 9.99999 0.89517 0.06508 99.99999 9.99999 0.0039201 2.0096
2461183.3537649 99.99999 9.99999 1.00552 0.07193 99.99999 9.99999 0.0039200 2.0104
2461183.3538971 99.99999 9.99999 0.97960 0.06515 99.99999 9.99999 0.0039200 2.0109
2461183.3540294 99.99999 9.99999 99.99999 9.99999 1.73221 0.13058 0.0039200 2.0115
2461183.3541624 -0.50602 0.11989 0.77487 0.07062 1.28089 0.10675 0.0039200 2.0120
2461183.3542961 99.99999 9.99999 0.91270 0.06587 99.99999 9.99999 0.0039200 2.0126
2461183.3544927 99.99999 9.99999 0.96185 0.06128 99.99999 9.99999 0.0039200 2.0134
2461183.3546253 99.99999 9.99999 0.96200 0.07189 99.99999 9.99999 0.0039200 2.0140
2461183.3547590 99.99999 9.99999 0.92106 0.06347 99.99999 9.99999 0.0039200 2.0145
2461183.3548941 99.99999 9.99999 0.85088 0.06578 99.99999 9.99999 0.0039200 2.0151
2461183.3550286 99.99999 9.99999 0.95705 0.06459 99.99999 9.99999 0.0039200 2.0157
2461183.3552255 -0.85844 0.11386 0.77332 0.05438 1.63176 0.10624 0.0039199 2.0165
2461183.3553579 -0.70985 0.11454 99.99999 9.99999 99.99999 9.99999 0.0039199 2.0171
2461183.3554923 99.99999 9.99999 99.99999 9.99999 99.99999 9.99999 0.0039199 2.0177
2461183.3556265 -0.49974 0.10715 0.97959 0.06109 1.47933 0.09387 0.0039199 2.0182
2461183.3557605 99.99999 9.99999 1.01813 0.06436 99.99999 9.99999 0.0039199 2.0188
2461183.3559594 -0.57985 0.11120 1.09982 0.05888 1.67967 0.09846 0.0039199 2.0197
2461183.3560916 -0.44438 0.10574 1.13222 0.06098 1.57660 0.09098 0.0039199 2.0203
2461183.3562252 99.99999 9.99999 0.89771 0.05163 99.99999 9.99999 0.0039199 2.0208
2461183.3563588 99.99999 9.99999 1.13344 0.05804 99.99999 9.99999 0.0039199 2.0214
2461183.3564920 99.99999 9.99999 1.10279 0.05773 99.99999 9.99999 0.0039198 2.0220
2461183.3568236 -0.41206 0.11977 1.24323 0.07202 1.65529 0.10036 0.0039198 2.0235
2461183.3569566 -0.77343 0.11984 0.81655 0.05974 1.58998 0.10970 0.0039198 2.0241
2461183.3570899 99.99999 9.99999 1.09512 0.06029 99.99999 9.99999 0.0039198 2.0247
2461183.3572244 -0.69924 0.09762 0.75765 0.05093 1.45689 0.08898 0.0039198 2.0253
2461183.3574215 -0.56418 0.10584 1.12677 0.05752 1.69095 0.09322 0.0039198 2.0262
2461183.3575539 -0.65098 0.10864 0.96671 0.05532 1.61768 0.09859 0.0039198 2.0268
2461183.3576882 -0.72207 0.11698 1.02205 0.05724 1.74412 0.10642 0.0039198 2.0274
2461183.3579579 99.99999 9.99999 1.00256 0.05650 99.99999 9.99999 0.0039197 2.0286
2461183.3581537 99.99999 9.99999 1.02995 0.05383 99.99999 9.99999 0.0039197 2.0295
2461183.3582867 99.99999 9.99999 0.95678 0.05412 99.99999 9.99999 0.0039197 2.0302
2461183.3584193 -0.36414 0.09807 1.07966 0.06074 1.44380 0.08236 0.0039197 2.0308
2461183.3585533 99.99999 9.99999 99.99999 9.99999 1.69686 0.09875 0.0039197 2.0314
2461183.3586871 99.99999 9.99999 99.99999 9.99999 1.42173 0.07213 0.0039197 2.0320
2461183.3588873 99.99999 9.99999 1.06670 0.04577 99.99999 9.99999 0.0039197 2.0330
2461183.3590204 99.99999 9.99999 1.07022 0.05042 99.99999 9.99999 0.0039197 2.0336
2461183.3591535 -0.65063 0.08776 1.15145 0.04510 1.80208 0.07821 0.0039197 2.0342
2461183.3592881 -0.50333 0.08370 0.95370 0.04982 1.45703 0.07187 0.0039196 2.0349
2461183.3594227 99.99999 9.99999 1.01959 0.04493 99.99999 9.99999 0.0039196 2.0355
2461183.3596207 99.99999 9.99999 0.91665 0.04780 99.99999 9.99999 0.0039196 2.0365
2461183.3597531 -0.60239 0.10119 0.95214 0.05323 1.55453 0.09108 0.0039196 2.0371
2461183.3598874 -0.55051 0.08397 1.07429 0.04544 1.62481 0.07421 0.0039196 2.0378
2461183.3600222 -0.71882 0.09048 1.03162 0.04409 1.75044 0.08230 0.0039196 2.0384
2461183.3601564 -0.54346 0.07919 0.91981 0.04505 1.46327 0.06983 0.0039196 2.0391
2461183.3603593 -0.48073 0.08737 1.01878 0.05080 1.49951 0.07628 0.0039196 2.0400
2461183.3604920 -0.61786 0.10223 0.86791 0.05437 1.48576 0.09219 0.0039196 2.0407
2461183.3606252 -0.36983 0.09857 1.16505 0.06137 1.53488 0.08219 0.0039196 2.0414
2461183.3607600 -0.51524 0.09864 0.86933 0.05931 1.38458 0.08644 0.0039195 2.0420
2461183.3608946 -0.50732 0.10196 1.08757 0.05660 1.59489 0.08953 0.0039195 2.0427
2461183.3610965 -0.58630 0.09690 99.99999 9.99999 99.99999 9.99999 0.0039195 2.0437
2461183.3612291 99.99999 9.99999 0.97596 0.05792 99.99999 9.99999 0.0039195 2.0443
2461183.3613626 -0.53387 0.09877 0.87334 0.05583 1.40720 0.08793 0.0039195 2.0450
2461183.3614971 -0.33088 0.09665 1.14998 0.06168 1.48086 0.07956 0.0039195 2.0457
2461183.3616322 -0.54806 0.09564 0.96166 0.05454 1.50972 0.08375 0.0039195 2.0464
2461183.3618327 -0.47991 0.09478 1.03422 0.05627 1.51413 0.08130 0.0039195 2.0474
2461183.3619650 -0.45637 0.10922 1.24221 0.06470 1.69858 0.09247 0.0039195 2.0481
2461183.3620985 99.99999 9.99999 99.99999 9.99999 99.99999 9.99999 0.0039194 2.0487
2461183.3622330 99.99999 9.99999 1.09886 0.05396 99.99999 9.99999 0.0039194 2.0494
2461183.3623682 99.99999 9.99999 0.95684 0.07060 99.99999 9.99999 0.0039194 2.0501
2461183.3625646 -0.28442 0.09484 1.20985 0.06032 1.49427 0.07786 0.0039194 2.0511
2461183.3626980 99.99999 9.99999 0.97560 0.05543 99.99999 9.99999 0.0039194 2.0518
2461183.3628319 99.99999 9.99999 99.99999 9.99999 99.99999 9.99999 0.0039194 2.0525
2461183.3629659 -0.65708 0.11345 0.99373 0.05658 1.65081 0.10292 0.0039194 2.0532
2461183.3631021 99.99999 9.99999 1.05892 0.05601 99.99999 9.99999 0.0039194 2.0539
2461183.3633023 -0.69363 0.09478 0.99470 0.04755 1.68833 0.08596 0.0039194 2.0550
2461183.3634345 99.99999 9.99999 1.05754 0.05259 99.99999 9.99999 0.0039194 2.0557
2461183.3635684 99.99999 9.99999 0.92776 0.05377 99.99999 9.99999 0.0039193 2.0564
2461183.3637023 -0.40348 0.09465 1.10559 0.05960 1.50908 0.07883 0.0039193 2.0571
2461183.3638363 -0.64858 0.08859 0.96813 0.04595 1.61671 0.07949 0.0039193 2.0578
2461183.3640368 -0.85026 0.10579 0.88183 0.04833 1.73209 0.09804 0.0039193 2.0589
2461183.3641691 -0.43689 0.08678 1.15493 0.05180 1.59182 0.07359 0.0039193 2.0596
2461183.3643039 -0.55906 0.08965 1.05602 0.04851 1.61507 0.07944 0.0039193 2.0603
2461183.3644382 -0.63252 0.10215 1.08572 0.05153 1.71824 0.09158 0.0039193 2.0610
2461183.3645721 99.99999 9.99999 0.98530 0.04293 99.99999 9.99999 0.0039193 2.0618
2461183.3647695 -0.61994 0.09307 1.01781 0.04971 1.63775 0.08269 0.0039193 2.0628
2461183.3649015 99.99999 9.99999 1.02439 0.05262 99.99999 9.99999 0.0039192 2.0636
2461183.3650357 -0.51534 0.08393 1.15515 0.04624 1.67049 0.07326 0.0039192 2.0643
2461183.3651690 99.99999 9.99999 1.05535 0.05643 99.99999 9.99999 0.0039192 2.0650
2461183.3653026 99.99999 9.99999 1.14052 0.05173 99.99999 9.99999 0.0039192 2.0658
2461183.3655024 99.99999 9.99999 0.92306 0.04764 99.99999 9.99999 0.0039192 2.0669
2461183.3656348 99.99999 9.99999 1.04840 0.05189 99.99999 9.99999 0.0039192 2.0676
2461183.3657672 -0.68232 0.09187 1.10689 0.04759 1.78921 0.08149 0.0039192 2.0683
2461183.3659003 -0.50267 0.07731 1.02642 0.04394 1.52909 0.06738 0.0039192 2.0691
2461183.3660351 -0.54177 0.07418 0.93827 0.04150 1.48004 0.06584 0.0039192 2.0698
2461183.3662321 99.99999 9.99999 0.85649 0.03986 99.99999 9.99999 0.0039191 2.0710
2461183.3663647 99.99999 9.99999 0.93686 0.04586 99.99999 9.99999 0.0039191 2.0717
2461183.3664987 -0.66516 0.08006 1.01619 0.03972 1.68135 0.07264 0.0039191 2.0725
2461183.3666327 99.99999 9.99999 1.34008 0.05716 99.99999 9.99999 0.0039191 2.0732
2461183.3667673 -0.36344 0.08207 1.11404 0.04982 1.47748 0.06955 0.0039191 2.0740
2461183.3669683 99.99999 9.99999 0.99153 0.06189 99.99999 9.99999 0.0039191 2.0751
2461183.3671004 -0.68043 0.08531 0.79507 0.04477 1.47550 0.07778 0.0039191 2.0759
2461183.3672354 99.99999 9.99999 0.89346 0.04398 99.99999 9.99999 0.0039191 2.0767
2461183.3673695 -0.67075 0.07912 0.93675 0.04095 1.60750 0.07119 0.0039191 2.0775
2461183.3675033 99.99999 9.99999 99.99999 9.99999 1.46369 0.06511 0.0039191 2.0782
2461183.3677043 -0.48599 0.07488 99.99999 9.99999 99.99999 9.99999 0.0039190 2.0794
2461183.3678367 -0.64618 0.08074 99.99999 9.99999 99.99999 9.99999 0.0039190 2.0802
2461183.3679714 -0.43828 0.07076 99.99999 9.99999 99.99999 9.99999 0.0039190 2.0810
2461183.3681061 -0.63107 0.08731 1.04978 0.04677 1.68085 0.07741 0.0039190 2.0818
2461183.3682404 99.99999 9.99999 99.99999 9.99999 1.51808 0.08058 0.0039190 2.0826
2461183.3684408 -0.73995 0.10041 0.86583 0.04879 1.60578 0.09220 0.0039190 2.0837
2461183.3685733 99.99999 9.99999 1.24932 0.06181 99.99999 9.99999 0.0039190 2.0845
2461183.3687066 99.99999 9.99999 1.15399 0.05835 99.99999 9.99999 0.0039190 2.0853
2461183.3688415 -0.70892 0.09817 1.08372 0.04962 1.79263 0.08802 0.0039190 2.0861
2461183.3689758 99.99999 9.99999 99.99999 9.99999 99.99999 9.99999 0.0039190 2.0869
2461183.3691758 99.99999 9.99999 1.22008 0.06413 99.99999 9.99999 0.0039189 2.0881
2461183.3695743 99.99999 9.99999 1.17934 0.07945 99.99999 9.99999 0.0039189 2.0906
2461183.3697063 99.99999 9.99999 1.06845 0.06751 99.99999 9.99999 0.0039189 2.0914
2461183.3699061 -0.60509 0.10553 1.01290 0.05569 1.61799 0.09427 0.0039189 2.0926
2461183.3700385 99.99999 9.99999 1.02155 0.07274 99.99999 9.99999 0.0039189 2.0934
2461183.3701731 99.99999 9.99999 0.97995 0.06705 99.99999 9.99999 0.0039189 2.0942
2461183.3703076 99.99999 9.99999 99.99999 9.99999 99.99999 9.99999 0.0039189 2.0951
2461183.3704418 -0.50246 0.10524 0.98647 0.05933 1.48893 0.09259 0.0039188 2.0959
2461183.3706421 -0.51623 0.10294 0.98153 0.05808 1.49776 0.09068 0.0039188 2.0971
2461183.3707745 -0.52736 0.11004 1.05246 0.06367 1.57982 0.09493 0.0039188 2.0980
2461183.3709082 -0.51229 0.09231 1.07859 0.05129 1.59088 0.08112 0.0039188 2.0988
2461183.3710430 -0.40479 0.07654 1.05299 0.04772 1.45777 0.06475 0.0039188 2.0997
2461183.3711773 -0.48614 0.07300 1.09652 0.04185 1.58266 0.06310 0.0039188 2.1005
2461183.3713769 -0.45819 0.06989 0.97541 0.04074 1.43360 0.06076 0.0039188 2.1018
2461183.3716433 -0.69551 0.06670 0.95564 0.03407 1.65116 0.06048 0.0039188 2.1035
2461183.3717757 -0.26329 0.05813 1.26183 0.03804 1.52512 0.04688 0.0039188 2.1043
2461183.3719081 -0.47039 0.05375 1.08944 0.03089 1.55982 0.04664 0.0039187 2.1052
2461183.3720415 -0.40689 0.05243 1.20200 0.03121 1.60889 0.04431 0.0039187 2.1060
2461183.3722417 -0.42277 0.05010 1.09483 0.03047 1.51761 0.04244 0.0039187 2.1073
2461183.3723744 -0.51065 0.05546 1.13551 0.03071 1.64616 0.04858 0.0039187 2.1082
2461183.3725075 -0.48453 0.06227 1.11527 0.03642 1.59980 0.05337 0.0039187 2.1090
2461183.3726414 -0.62138 0.07299 1.12023 0.03792 1.74161 0.06507 0.0039187 2.1099
2461183.3727758 99.99999 9.99999 0.97364 0.03727 99.99999 9.99999 0.0039187 2.1108
2461183.3729764 99.99999 9.99999 99.99999 9.99999 99.99999 9.99999 0.0039187 2.1121
2461183.3731092 99.99999 9.99999 1.24864 0.04445 99.99999 9.99999 0.0039187 2.1130
2461183.3732423 -0.51744 0.06941 1.13687 0.03800 1.65431 0.06088 0.0039186 2.1139
2461183.3733765 -0.49196 0.05549 1.11471 0.03182 1.60668 0.04792 0.0039186 2.1147
2461183.3735111 -0.68295 0.06825 0.95745 0.03373 1.64040 0.06233 0.0039186 2.1156
2461183.3737111 -0.53130 0.06233 1.05556 0.03510 1.58686 0.05454 0.0039186 2.1170
2461183.3738434 99.99999 9.99999 99.99999 9.99999 99.99999 9.99999 0.0039186 2.1179
2461183.3739771 99.99999 9.99999 99.99999 9.99999 99.99999 9.99999 0.0039186 2.1187
2461183.3741117 99.99999 9.99999 1.18515 0.04493 99.99999 9.99999 0.0039186 2.1197
2461183.3742457 -0.12219 0.05693 1.23093 0.04068 1.35312 0.04344 0.0039186 2.1206
2461183.3744470 -0.44905 0.04922 1.09767 0.02941 1.54672 0.04200 0.0039186 2.1219
2461183.3745795 -0.57367 0.04194 1.08928 0.02272 1.66295 0.03707 0.0039185 2.1228
2461183.3747122 -0.50706 0.04052 0.93350 0.02298 1.44056 0.03580 0.0039185 2.1237
2461183.3748469 -0.63565 0.04358 1.03142 0.02344 1.66707 0.03883 0.0039185 2.1246
2461183.3749813 -0.51152 0.03806 0.95749 0.02223 1.46902 0.03330 0.0039185 2.1256
2461183.3751785 -0.49510 0.03486 1.04223 0.02029 1.53734 0.03044 0.0039185 2.1269
2461183.3753108 -0.60784 0.03721 1.00851 0.01972 1.61636 0.03339 0.0039185 2.1278
2461183.3754450 -0.47836 0.03699 1.10674 0.02203 1.58510 0.03163 0.0039185 2.1288
2461183.3755799 -0.38087 0.03682 1.08641 0.02236 1.46728 0.03139 0.0039185 2.1297
2461183.3757141 -0.41439 0.03850 1.20089 0.02286 1.61528 0.03291 0.0039185 2.1306
2461183.3759118 -0.51038 0.03783 1.05153 0.02162 1.56191 0.03302 0.0039185 2.1320
2461183.3760439 -0.45227 0.03360 1.11717 0.01947 1.56944 0.02900 0.0039184 2.1330
2461183.3761767 -0.57549 0.03637 1.00546 0.01965 1.58095 0.03247 0.0039184 2.1339
2461183.3763094 -0.46314 0.03025 1.06657 0.01758 1.52971 0.02633 0.0039184 2.1348
2461183.3764427 -0.34908 0.03044 1.10179 0.01931 1.45087 0.02548 0.0039184 2.1358
2461183.3766420 -0.57225 0.03160 99.99999 9.99999 99.99999 9.99999 0.0039184 2.1372
2461183.3767744 -0.50185 0.02731 1.06268 0.01521 1.56453 0.02399 0.0039184 2.1381
2461183.3769072 99.99999 9.99999 99.99999 9.99999 1.65857 0.02425 0.0039184 2.1391
2461183.3770408 -0.50678 0.02691 1.08566 0.01542 1.59244 0.02342 0.0039184 2.1400
2461183.3771754 99.99999 9.99999 99.99999 9.99999 1.33171 0.02227 0.0039184 2.1410
2461183.3773753 -0.39302 0.02631 1.01410 0.01617 1.40712 0.02239 0.0039183 2.1424
2461183.3775078 -0.52098 0.02700 1.19345 0.01499 1.71443 0.02354 0.0039183 2.1434
2461183.3776412 99.99999 9.99999 1.05119 0.01430 99.99999 9.99999 0.0039183 2.1444
2461183.3777755 -0.50336 0.02528 1.07597 0.01437 1.57934 0.02210 0.0039183 2.1453
2461183.3779097 -0.25761 0.02646 99.99999 9.99999 99.99999 9.99999 0.0039183 2.1463
2461183.3781074 -0.45344 0.02545 1.15404 0.01474 1.60748 0.02198 0.0039183 2.1478
2461183.3782393 99.99999 9.99999 99.99999 9.99999 1.43006 0.02028 0.0039183 2.1487
2461183.3783715 99.99999 9.99999 99.99999 9.99999 1.51712 0.02087 0.0039183 2.1497
2461183.3785045 -0.31264 0.02971 1.32717 0.01840 1.63981 0.02458 0.0039183 2.1507
2461183.3786381 -0.38873 0.02997 1.10767 0.01805 1.49640 0.02558 0.0039183 2.1517
2461183.3788372 -0.56032 0.02933 1.01969 0.01656 1.58002 0.02573 0.0039182 2.1532
2461183.3789701 -0.39835 0.02747 99.99999 9.99999 99.99999 9.99999 0.0039182 2.1542
2461183.3791029 -0.43243 0.02756 1.14232 0.01609 1.57475 0.02379 0.0039182 2.1552
2461183.3792378 -0.51226 0.02751 1.16089 0.01547 1.67315 0.02388 0.0039182 2.1562
2461183.3793719 99.99999 9.99999 99.99999 9.99999 99.99999 9.99999 0.0039182 2.1572
2461183.3795731 -0.57519 0.03165 1.13109 0.01685 1.70628 0.02802 0.0039182 2.1587
2461183.3797056 -0.47265 0.03114 1.18074 0.01836 1.65339 0.02651 0.0039182 2.1597
2461183.3798386 -0.49672 0.02934 1.11267 0.01706 1.60939 0.02534 0.0039182 2.1607
2461183.3801075 -0.45985 0.03239 1.15709 0.01846 1.61694 0.02803 0.0039182 2.1628
2461183.3803054 -0.43842 0.03418 1.03853 0.02028 1.47695 0.02948 0.0039181 2.1643
2461183.3804382 -0.39265 0.04070 1.04496 0.02466 1.43761 0.03484 0.0039181 2.1653
2461183.3805707 -0.48502 0.03800 1.11915 0.02252 1.60417 0.03249 0.0039181 2.1663
2461183.3807049 -0.45962 0.03154 1.13190 0.01864 1.59152 0.02697 0.0039181 2.1674
2461183.3808385 -0.58638 0.03250 0.98646 0.01746 1.57284 0.02897 0.0039181 2.1684
2461183.3810369 -0.55991 0.03690 1.01729 0.01973 1.57720 0.03292 0.0039181 2.1700
2461183.3811694 -0.54585 0.03301 99.99999 9.99999 99.99999 9.99999 0.0039181 2.1710
2461183.3813022 -0.45623 0.03104 1.00936 0.01826 1.46559 0.02685 0.0039181 2.1720
2461183.3814368 -0.53552 0.03127 0.82636 0.01891 1.36188 0.02735 0.0039181 2.1731
2461183.3815708 -0.45442 0.03107 1.03276 0.01835 1.48717 0.02685 0.0039180 2.1742
2461183.3819026 -0.49082 0.02992 0.98605 0.01746 1.47687 0.02610 0.0039180 2.1768
2461183.3820347 -0.18670 0.03111 99.99999 9.99999 99.99999 9.99999 0.0039180 2.1778
2461183.3821673 99.99999 9.99999 1.16866 0.02192 99.99999 9.99999 0.0039180 2.1789
2461183.3823007 -0.44714 0.03414 1.10892 0.02033 1.55606 0.02919 0.0039180 2.1800
2461183.3824964 -0.55043 0.03634 1.04951 0.02043 1.59994 0.03175 0.0039180 2.1815
2461183.3826291 -0.37663 0.03104 1.11953 0.01959 1.49616 0.02586 0.0039180 2.1826
2461183.3827633 99.99999 9.99999 99.99999 9.99999 1.68513 0.03421 0.0039180 2.1837
2461183.3828980 -0.58033 0.03058 1.07634 0.01679 1.65666 0.02697 0.0039180 2.1848
2461183.3830318 -0.53644 0.04472 1.20929 0.02430 1.74573 0.03917 0.0039179 2.1859
2461183.3832299 99.99999 9.99999 99.99999 9.99999 1.80894 0.02995 0.0039179 2.1875
2461183.3833623 -0.30098 0.03361 1.29034 0.02143 1.59132 0.02742 0.0039179 2.1886
2461183.3834949 -0.48173 0.03298 1.15591 0.01901 1.63764 0.02840 0.0039179 2.1897
2461183.3836277 -0.43129 0.03303 1.19781 0.01904 1.62909 0.02834 0.0039179 2.1907
2461183.3837612 -0.34878 0.03420 1.33178 0.02177 1.68056 0.02778 0.0039179 2.1919
2461183.3840929 -0.41889 0.03382 1.09800 0.02083 1.51690 0.02851 0.0039179 2.1946
2461183.3842260 -0.52562 0.03970 1.12340 0.02228 1.64901 0.03456 0.0039179 2.1957
2461183.3843588 -0.51030 0.03683 1.07485 0.02034 1.58515 0.03248 0.0039178 2.1968
2461183.3844915 -0.43742 0.03847 1.13793 0.02294 1.57535 0.03287 0.0039178 2.1979
2461183.3846907 -0.59075 0.04650 1.03756 0.02472 1.62831 0.04142 0.0039178 2.1996
2461183.3849557 -0.47052 0.04732 1.16737 0.02705 1.63789 0.04074 0.0039178 2.2018
2461183.3850879 -0.62116 0.04665 0.90878 0.02546 1.52994 0.04170 0.0039178 2.2030
2461183.3852203 -0.49536 0.05025 1.14465 0.02861 1.64001 0.04344 0.0039178 2.2041
2461183.3854190 -0.60776 0.05436 1.08920 0.02930 1.69697 0.04797 0.0039178 2.2058
2461183.3855514 -0.57922 0.06626 1.16541 0.03491 1.74462 0.05866 0.0039178 2.2069
2461183.3856840 99.99999 9.99999 1.18368 0.03905 99.99999 9.99999 0.0039178 2.2081
2461183.3858178 -0.47686 0.06361 0.98835 0.03663 1.46521 0.05558 0.0039177 2.2092
2461183.3859518 -0.54721 0.06963 1.16387 0.04018 1.71108 0.05965 0.0039177 2.2104
2461183.3861520 -0.35370 0.07629 1.23034 0.04689 1.58404 0.06388 0.0039177 2.2121
2461183.3862841 -0.37135 0.06369 1.13649 0.03804 1.50784 0.05425 0.0039177 2.2132
2461183.3864169 -0.44361 0.05870 1.09024 0.03539 1.53385 0.04964 0.0039177 2.2144
2461183.3865517 99.99999 9.99999 99.99999 9.99999 1.60443 0.05130 0.0039177 2.2156
2461183.3866866 -0.38719 0.08130 1.41522 0.04850 1.80241 0.06775 0.0039177 2.2168
2461183.3871637 99.99999 9.99999 1.11288 0.04424 99.99999 9.99999 0.0039176 2.2210
2461183.3872964 -0.28930 0.06525 1.18987 0.04270 1.47917 0.05302 0.0039176 2.2222
2461183.3874288 99.99999 9.99999 99.99999 9.99999 1.51788 0.05780 0.0039176 2.2233
2461183.3875617 -0.59481 0.06269 1.05930 0.03357 1.65411 0.05570 0.0039176 2.2245
2461183.3877584 -0.38461 0.05582 1.16315 0.03375 1.54775 0.04716 0.0039176 2.2263
2461183.3878908 99.99999 9.99999 1.03097 0.03152 99.99999 9.99999 0.0039176 2.2275
2461183.3880250 -0.46806 0.05162 1.06806 0.02978 1.53611 0.04497 0.0039176 2.2287
2461183.3881593 -0.25492 0.04681 99.99999 9.99999 99.99999 9.99999 0.0039176 2.2299
2461183.3882890 -0.46038 0.04683 1.10979 0.02736 1.57017 0.04024 0.0039176 2.2311
2461183.3884896 -0.22628 0.04512 1.02891 0.03065 1.25519 0.03662 0.0039175 2.2329
2461183.3886220 -0.53453 0.04254 0.83493 0.02425 1.36946 0.03802 0.0039175 2.2341
2461183.3887546 -0.38228 0.04854 1.22024 0.02950 1.60252 0.04080 0.0039175 2.2353
2461183.3890215 -0.53611 0.04584 1.06594 0.02650 1.60206 0.03961 0.0039175 2.2377
2461183.3892194 99.99999 9.99999 99.99999 9.99999 1.61534 0.03680 0.0039175 2.2396
2461183.3893557 -0.68395 0.05548 0.99346 0.02905 1.67741 0.04960 0.0039175 2.2408
2461183.3894897 -0.50862 0.04133 1.07926 0.02371 1.58788 0.03592 0.0039175 2.2421
2461183.3896158 -0.57377 0.04104 1.02642 0.02275 1.60019 0.03613 0.0039175 2.2432
2461183.3897488 -0.51230 0.03698 1.08831 0.02133 1.60061 0.03207 0.0039175 2.2445
2461183.3900768 -0.41175 0.03574 1.10472 0.02116 1.51648 0.03071 0.0039174 2.2476
2461183.3902095 -0.49726 0.03557 1.16057 0.01966 1.65783 0.03093 0.0039174 2.2488
2461183.3903419 -0.48812 0.03892 1.13576 0.02326 1.62387 0.03306 0.0039174 2.2501
2461183.3904749 -0.51544 0.04025 1.12492 0.02124 1.64036 0.03581 0.0039174 2.2513
2461183.3906737 -0.46538 0.03285 1.10971 0.01917 1.57509 0.02837 0.0039174 2.2532
2461183.3908063 -0.13706 0.03313 1.41706 0.02304 1.55413 0.02549 0.0039174 2.2545
2461183.3909389 -0.46712 0.03175 1.05911 0.01854 1.52623 0.02757 0.0039174 2.2557
2461183.3910724 -0.41145 0.03320 1.13051 0.02076 1.54195 0.02776 0.0039174 2.2570
2461183.3912071 -0.53624 0.03573 1.03950 0.02059 1.57574 0.03119 0.0039174 2.2583
2461183.3914047 -0.43958 0.03368 1.06612 0.01973 1.50571 0.02905 0.0039173 2.2602
2461183.3915380 -0.33515 0.03693 1.11271 0.02370 1.44787 0.03064 0.0039173 2.2615
2461183.3916726 -0.47678 0.03709 1.08055 0.02190 1.55732 0.03192 0.0039173 2.2628
2461183.3918065 -0.52854 0.03749 1.07626 0.02028 1.60480 0.03322 0.0039173 2.2641
2461183.3919410 -0.48638 0.03438 99.99999 9.99999 99.99999 9.99999 0.0039173 2.2654
2461183.3921408 -0.59695 0.03433 99.99999 9.99999 99.99999 9.99999 0.0039173 2.2674
2461183.3922729 -0.51547 0.03277 1.12317 0.01855 1.63865 0.02849 0.0039173 2.2687
2461183.3924084 -0.43927 0.03393 1.21233 0.01936 1.65160 0.02929 0.0039173 2.2700
2461183.3925428 -0.53239 0.03132 99.99999 9.99999 99.99999 9.99999 0.0039173 2.2713
2461183.3926738 -0.44908 0.03248 1.14278 0.01915 1.59186 0.02787 0.0039172 2.2726
2461183.3928691 -0.42663 0.03017 1.11469 0.01848 1.54132 0.02560 0.0039172 2.2746
2461183.3930014 -0.43666 0.03160 1.16672 0.01910 1.60337 0.02668 0.0039172 2.2759
2461183.3931350 -0.34138 0.03219 1.09919 0.02017 1.44057 0.02704 0.0039172 2.2772
2461183.3932695 -0.41271 0.03332 1.18750 0.02022 1.60022 0.02803 0.0039172 2.2786
2461183.3934032 -0.46635 0.03524 1.18295 0.02028 1.64930 0.03023 0.0039172 2.2799
2461183.3936013 99.99999 9.99999 99.99999 9.99999 1.60438 0.02951 0.0039172 2.2819
2461183.3937336 -0.53362 0.03286 1.04924 0.01848 1.58286 0.02881 0.0039172 2.2832
2461183.3938677 -0.56950 0.04262 1.09822 0.02354 1.66772 0.03736 0.0039172 2.2846
2461183.3940001 -0.45670 0.03454 1.15392 0.02019 1.61062 0.02964 0.0039172 2.2859
2461183.3941327 99.99999 9.99999 99.99999 9.99999 1.57498 0.03180 0.0039171 2.2873
2461183.3943322 99.99999 9.99999 99.99999 9.99999 1.55597 0.03932 0.0039171 2.2893
2461183.3944644 -0.53517 0.03960 1.16902 0.02206 1.70419 0.03443 0.0039171 2.2907
2461183.3945968 -0.34684 0.03875 1.24194 0.02467 1.58878 0.03177 0.0039171 2.2920
2461183.3948652 -0.16907 0.03842 1.48019 0.02604 1.64925 0.02967 0.0039171 2.2948
2461183.3949978 -0.52461 0.03608 1.01448 0.02053 1.53909 0.03157 0.0039171 2.2962
2461183.3951962 -0.27331 0.03584 1.18972 0.02298 1.46303 0.02947 0.0039171 2.2982
2461183.3953286 -0.46429 0.03402 1.12337 0.01979 1.58765 0.02924 0.0039171 2.2996
2461183.3954614 -0.37936 0.03523 1.14569 0.02201 1.52505 0.02935 0.0039170 2.3010
2461183.3955942 -0.40195 0.03473 1.00682 0.02051 1.40877 0.03019 0.0039170 2.3024
2461183.3957276 99.99999 9.99999 99.99999 9.99999 99.99999 9.99999 0.0039170 2.3038
2461183.3959238 -0.40226 0.03417 1.15395 0.02056 1.55621 0.02894 0.0039170 2.3059
2461183.3960563 -0.25410 0.03640 1.27913 0.02401 1.53323 0.02919 0.0039170 2.3073
2461183.3961907 -0.41342 0.03608 1.08848 0.02128 1.50191 0.03106 0.0039170 2.3087
2461183.3963252 -0.49472 0.03826 1.16974 0.02215 1.66446 0.03281 0.0039170 2.3101
2461183.3964594 -0.47026 0.03692 1.05130 0.02116 1.52156 0.03210 0.0039170 2.3116
2461183.3966544 -0.38923 0.03197 1.14219 0.01981 1.53142 0.02689 0.0039170 2.3137
2461183.3967867 -0.35697 0.03573 1.13664 0.02178 1.49362 0.03031 0.0039170 2.3151
2461183.3969194 -0.37031 0.03582 1.18130 0.02180 1.55161 0.03023 0.0039169 2.3165
2461183.3970527 -0.30551 0.04111 1.32640 0.02575 1.63191 0.03372 0.0039169 2.3180
2461183.3971876 -0.44293 0.03782 1.23974 0.02225 1.68267 0.03207 0.0039169 2.3194
2461183.3973878 -0.32587 0.03480 1.22671 0.02170 1.55258 0.02887 0.0039169 2.3216
2461183.3975203 -0.16586 0.03694 1.35188 0.02534 1.51774 0.02887 0.0039169 2.3230
2461183.3976538 -0.36973 0.03506 1.06833 0.02157 1.43806 0.02981 0.0039169 2.3245
2461183.3977878 -0.25512 0.03620 1.19377 0.02375 1.44889 0.02947 0.0039169 2.3260
2461183.3979231 -0.26340 0.03590 1.28701 0.02291 1.55042 0.02942 0.0039169 2.3274
2461183.3981230 -0.32455 0.03450 1.22565 0.02197 1.55020 0.02845 0.0039169 2.3297
2461183.3982556 -0.22178 0.03427 1.19182 0.02339 1.41360 0.02724 0.0039168 2.3311
2461183.3983890 -0.31513 0.03731 1.25876 0.02259 1.57389 0.03126 0.0039168 2.3326
2461183.3985234 -0.24585 0.03498 1.17362 0.02363 1.41947 0.02811 0.0039168 2.3341
2461183.3986579 -0.12610 0.03439 1.25102 0.02374 1.37712 0.02694 0.0039168 2.3356
2461183.3988551 -0.15621 0.03630 1.36809 0.02491 1.52431 0.02825 0.0039168 2.3378
2461183.3989876 -0.12667 0.03571 1.48329 0.02532 1.60996 0.02673 0.0039168 2.3393
2461183.3991212 -0.08198 0.03377 1.45323 0.02394 1.53522 0.02548 0.0039168 2.3408
2461183.3992545 -0.15059 0.03312 1.33023 0.02273 1.48082 0.02584 0.0039168 2.3423
2461183.3993870 -0.20161 0.03759 1.40333 0.02506 1.60494 0.02978 0.0039168 2.3438
2461183.3995820 -0.07472 0.03648 1.40658 0.02601 1.48131 0.02748 0.0039168 2.3460
2461183.3997144 0.00244 0.03815 1.37325 0.02810 1.37081 0.02795 0.0039167 2.3475
2461183.3998484 -0.00728 0.03643 99.99999 9.99999 99.99999 9.99999 0.0039167 2.3490
2461183.3999826 0.07843 0.03724 1.50953 0.02796 1.43109 0.02650 0.0039167 2.3506
2461183.4001170 -0.00541 0.04298 1.66304 0.03109 1.66845 0.03111 0.0039167 2.3521
2461183.4003156 0.16114 0.04704 1.77717 0.03618 1.61603 0.03168 0.0039167 2.3544
2461183.4004481 0.03084 0.04717 1.68549 0.03425 1.65466 0.03406 0.0039167 2.3559
2461183.4005820 0.05918 0.05304 1.77037 0.03864 1.71119 0.03787 0.0039167 2.3575
2461183.4007161 0.08715 0.05332 1.74660 0.03995 1.65946 0.03706 0.0039167 2.3591
2461183.4008487 0.17454 0.05335 1.66914 0.04116 1.49461 0.03639 0.0039167 2.3606
2461183.4010477 99.99999 9.99999 99.99999 9.99999 1.61884 0.03934 0.0039166 2.3629
2461183.4011802 0.13912 0.05765 1.76136 0.04435 1.62224 0.03888 0.0039166 2.3645
2461183.4013127 0.22224 0.05250 1.58542 0.04250 1.36318 0.03382 0.0039166 2.3660
2461183.4014462 0.25855 0.05412 1.73828 0.04348 1.47973 0.03471 0.0039166 2.3676
2461183.4015797 0.19835 0.05788 1.60289 0.04616 1.40453 0.03806 0.0039166 2.3692
2461183.4017790 99.99999 9.99999 99.99999 9.99999 1.42612 0.05244 0.0039166 2.3716
2461183.4019120 0.17491 0.05785 1.76239 0.04529 1.58748 0.03820 0.0039166 2.3731
2461183.4020450 0.12476 0.05154 1.68480 0.03902 1.56004 0.03585 0.0039166 2.3747
2461183.4021787 0.12244 0.05935 1.73278 0.04627 1.61034 0.03932 0.0039166 2.3763
2461183.4024455 0.21196 0.04730 1.76790 0.03700 1.55595 0.03136 0.0039165 2.3795
2461183.4026422 0.26858 0.04724 1.86335 0.03802 1.59478 0.02971 0.0039165 2.3819
2461183.4027745 0.31417 0.04207 1.76905 0.03408 1.45488 0.02645 0.0039165 2.3835
2461183.4029081 0.14865 0.04693 1.73760 0.03600 1.58895 0.03201 0.0039165 2.3851
2461183.4030422 0.24938 0.05254 99.99999 9.99999 99.99999 9.99999 0.0039165 2.3868
2461183.4031773 0.22985 0.05794 1.74691 0.04339 1.51706 0.04116 0.0039165 2.3884
2461183.4033821 0.18968 0.06728 1.74062 0.04358 1.55094 0.05420 0.0039165 2.3909
2461183.4035146 99.99999 9.99999 99.99999 9.99999 1.53433 0.06806 0.0039165 2.3925
2461183.4036478 0.16379 0.09557 1.74995 0.05696 1.58616 0.08122 0.0039165 2.3942
2461183.4037811 99.99999 9.99999 99.99999 9.99999 1.64051 0.11230 0.0039165 2.3958
2461183.4045939 99.99999 9.99999 1.18889 0.12063 99.99999 9.99999 0.0039164 2.4060
